10 10 8 0
10 10 3 1
10 10 3 1
10 10 3 0
10 10 4 1
10 10 4 1
10 10 0 0
10 10 7 0
10 10 4 1
10 10 3 1
10 10 7 1
10 10 3 1
10 10 10 0
10 10 3 1
10 10 4 0
10 10 3 1
10 10 9 1
10 10 3 1
10 10 3 1
10 10 4 1
10 10 4 1
10 10 4 1
10 10 3 1
10 10 4 1
10 10 0 0
10 10 4 1
10 10 3 0
10 10 3 1
10 10 3 1
10 10 4 1
10 10 4 1
10 10 10 0
10 10 3 1
10 10 3 1
10 10 3 1
10 10 4 1
10 10 3 1
10 10 3 1
10 10 3 1
10 10 4 1
10 10 3 1
10 10 0 0
10 10 3 1
10 10 3 1
10 10 4 1
10 10 3 0
10 10 3 1
10 10 0 0
10 10 0 0
10 10 3 1
10 10 0 0
10 10 15 1
10 10 2 1
10 10 4 1
10 10 3 1
10 10 4 1
10 10 3 1
10 10 4 1
10 10 3 1
10 10 3 1
20 20 0 0
10 20 4 1
20 10 3 1
20 20 4 1
10 20 5 1
20 10 7 0
20 20 0 0
10 20 5 1
20 10 3 1
20 20 5 1
10 20 7 1
20 10 4 1
20 20 4 1
10 20 5 1
20 10 4 1
20 20 5 1
10 20 0 0
20 10 4 1
20 20 4 1
10 20 5 0
20 10 4 1
20 20 5 1
10 20 23 1
20 10 7 1
20 20 0 0
10 20 4 1
20 10 8 1
20 20 5 1
10 20 5 1
20 10 7 1
20 20 0 0
10 20 4 1
20 10 8 1
20 20 0 0
10 20 4 1
20 10 3 1
20 20 4 1
10 20 0 0
20 10 2 1
20 20 5 1
10 20 9 0
20 10 4 1
20 20 5 1
10 20 4 1
20 10 4 1
20 20 4 1
10 20 0 0
20 10 3 1
20 20 5 1
10 20 0 0
20 10 4 1
20 20 5 1
10 20 4 1
20 10 4 1
20 20 5 1
10 20 5 1
20 10 3 1
20 20 5 1
10 20 0 0
20 10 4 1
30 30 0 0
10 30 0 0
30 10 3 1
30 30 0 0
10 30 4 1
30 10 3 1
30 30 4 1
10 30 5 1
30 10 3 1
30 30 4 1
10 30 5 1
30 10 4 1
30 30 0 0
10 30 5 1
30 10 4 1
30 30 4 1
10 30 4 1
30 10 4 1
30 30 4 1
10 30 4 1
30 10 4 1
30 30 4 1
10 30 4 1
30 10 3 1
30 30 19 1
10 30 4 1
30 10 3 1
30 30 5 1
10 30 21 1
30 10 0 0
30 30 4 1
10 30 4 1
30 10 6 1
30 30 0 0
10 30 5 1
30 10 0 0
30 30 5 1
10 30 4 1
30 10 7 1
30 30 5 1
10 30 5 0
30 10 7 0
30 30 5 1
10 30 4 1
30 10 3 1
30 30 4 1
10 30 0 0
30 10 4 1
30 30 0 0
10 30 4 1
30 10 0 0
30 30 5 1
10 30 0 0
30 10 3 1
30 30 0 0
10 30 0 0
30 10 3 1
30 30 5 1
10 30 4 1
30 10 4 1
40 40 5 1
10 40 0 0
40 10 4 1
40 40 5 1
10 40 0 0
40 10 3 1
40 40 0 0
10 40 6 1
40 10 3 1
40 40 5 1
10 40 5 1
40 10 4 1
40 40 6 1
10 40 6 1
40 10 3 1
40 40 5 1
10 40 6 1
40 10 4 1
40 40 0 0
10 40 0 0
40 10 11 0
40 40 5 1
10 40 6 1
40 10 4 1
40 40 5 1
10 40 5 1
40 10 2 1
40 40 5 1
10 40 5 1
40 10 0 0
40 40 5 1
10 40 9 1
40 10 4 1
40 40 5 1
10 40 5 1
40 10 3 1
40 40 0 0
10 40 0 0
40 10 3 1
40 40 0 0
10 40 0 0
40 10 2 1
40 40 6 1
10 40 5 1
40 10 3 1
40 40 0 0
10 40 5 1
40 10 0 0
40 40 0 0
10 40 16 1
40 10 4 1
40 40 5 1
10 40 5 1
40 10 0 0
40 40 12 1
10 40 6 1
40 10 3 1
40 40 5 1
10 40 5 1
40 10 4 1
50 50 0 0
10 50 0 0
50 10 4 1
50 50 5 1
10 50 6 1
50 10 3 1
50 50 0 0
10 50 0 0
50 10 3 1
50 50 21 1
10 50 0 0
50 10 3 1
50 50 0 0
10 50 6 1
50 10 4 1
50 50 6 1
10 50 6 1
50 10 4 1
50 50 5 1
10 50 6 1
50 10 4 1
50 50 5 1
10 50 6 1
50 10 0 0
50 50 0 0
10 50 6 1
50 10 4 1
50 50 5 1
10 50 6 1
50 10 4 1
50 50 5 1
10 50 6 1
50 10 4 1
50 50 5 1
10 50 11 1
50 10 3 1
50 50 12 1
10 50 5 1
50 10 4 1
50 50 12 1
10 50 0 0
50 10 3 1
50 50 5 1
10 50 0 0
50 10 0 0
50 50 5 1
10 50 5 1
50 10 3 1
50 50 5 1
10 50 5 1
50 10 3 1
50 50 0 0
10 50 0 0
50 10 3 1
50 50 0 0
10 50 5 1
50 10 3 1
50 50 6 1
10 50 5 1
50 10 4 1
60 60 0 0
10 60 0 0
60 10 0 0
60 60 6 1
10 60 0 0
60 10 3 1
60 60 6 1
10 60 0 0
60 10 3 1
60 60 0 0
10 60 5 1
60 10 4 1
60 60 5 1
10 60 0 0
60 10 3 1
60 60 5 1
10 60 0 0
60 10 7 1
60 60 6 1
10 60 6 1
60 10 4 1
60 60 0 0
10 60 5 1
60 10 3 1
60 60 6 1
10 60 5 1
60 10 0 0
60 60 5 1
10 60 0 0
60 10 3 1
60 60 0 0
10 60 0 0
60 10 0 0
60 60 6 1
10 60 6 1
60 10 4 1
60 60 0 0
10 60 12 1
60 10 4 1
60 60 0 0
10 60 0 0
60 10 7 1
60 60 0 0
10 60 6 1
60 10 3 1
60 60 24 1
10 60 0 0
60 10 0 0
60 60 5 1
10 60 5 1
60 10 4 1
60 60 6 1
10 60 5 1
60 10 11 1
60 60 5 1
10 60 5 1
60 10 1 1
60 60 6 1
10 60 0 0
60 10 3 1
70 70 0 0
10 70 6 1
70 10 0 0
70 70 0 0
10 70 7 1
70 10 3 1
70 70 6 1
10 70 6 1
70 10 4 1
70 70 10 1
10 70 7 1
70 10 0 0
70 70 0 0
10 70 7 1
70 10 3 1
70 70 7 1
10 70 0 0
70 10 4 1
70 70 7 1
10 70 6 1
70 10 4 1
70 70 6 1
10 70 7 1
70 10 3 1
70 70 7 1
10 70 7 1
70 10 3 1
70 70 6 1
10 70 6 1
70 10 3 1
70 70 6 1
10 70 6 1
70 10 4 1
70 70 6 1
10 70 0 0
70 10 11 0
70 70 6 1
10 70 0 0
70 10 3 1
70 70 6 1
10 70 7 1
70 10 4 1
70 70 7 1
10 70 19 1
70 10 3 1
70 70 7 1
10 70 7 1
70 10 10 0
70 70 7 1
10 70 6 1
70 10 3 1
70 70 7 1
10 70 7 1
70 10 4 1
70 70 0 0
10 70 6 1
70 10 4 1
70 70 0 0
10 70 7 1
70 10 8 1
80 80 14 1
10 80 0 0
80 10 5 1
80 80 7 1
10 80 6 1
80 10 3 1
80 80 0 0
10 80 5 1
80 10 11 0
80 80 6 1
10 80 0 0
80 10 3 1
80 80 14 1
10 80 6 1
80 10 2 1
80 80 13 1
10 80 7 1
80 10 3 1
80 80 6 1
10 80 0 0
80 10 2 1
80 80 6 1
10 80 6 1
80 10 3 1
80 80 7 1
10 80 7 1
80 10 3 1
80 80 0 0
10 80 6 1
80 10 0 0
80 80 20 1
10 80 6 1
80 10 4 1
80 80 0 0
10 80 0 0
80 10 3 1
80 80 6 1
10 80 0 0
80 10 4 1
80 80 13 1
10 80 6 1
80 10 0 0
80 80 6 1
10 80 0 0
80 10 0 0
80 80 6 1
10 80 13 1
80 10 3 1
80 80 7 1
10 80 6 1
80 10 3 1
80 80 7 1
10 80 0 0
80 10 3 1
80 80 7 1
10 80 6 1
80 10 4 1
80 80 6 1
10 80 7 1
80 10 3 1
90 90 0 0
10 90 6 1
90 10 3 1
90 90 6 1
10 90 6 1
90 10 3 1
90 90 6 1
10 90 0 0
90 10 4 1
90 90 46 1
10 90 7 1
90 10 4 1
90 90 0 0
10 90 0 0
90 10 3 1
90 90 0 0
10 90 7 1
90 10 3 1
90 90 0 0
10 90 6 1
90 10 3 1
90 90 0 0
10 90 6 1
90 10 4 1
90 90 6 1
10 90 14 1
90 10 3 1
90 90 0 0
10 90 6 1
90 10 0 0
90 90 0 0
10 90 6 1
90 10 4 1
90 90 6 1
10 90 7 1
90 10 4 1
90 90 6 1
10 90 0 0
90 10 3 1
90 90 6 1
10 90 6 1
90 10 4 1
90 90 7 1
10 90 0 0
90 10 3 1
90 90 7 1
10 90 7 1
90 10 2 1
90 90 0 0
10 90 6 1
90 10 4 1
90 90 7 1
10 90 7 1
90 10 3 1
90 90 7 1
10 90 7 1
90 10 4 1
90 90 7 1
10 90 6 1
90 10 2 1
100 100 6 1
10 100 0 0
100 10 3 1
100 100 5 1
10 100 6 1
100 10 0 0
100 100 6 1
10 100 0 0
100 10 3 1
100 100 6 1
10 100 0 0
100 10 4 1
100 100 0 0
10 100 7 1
100 10 4 1
100 100 0 0
10 100 7 1
100 10 4 1
100 100 6 1
10 100 6 1
100 10 3 1
100 100 7 1
10 100 0 0
100 10 4 1
100 100 0 0
10 100 6 1
100 10 4 1
100 100 6 1
10 100 0 0
100 10 3 1
100 100 6 1
10 100 5 1
100 10 3 1
100 100 7 1
10 100 6 1
100 10 4 1
100 100 6 1
10 100 7 1
100 10 4 1
100 100 6 1
10 100 21 1
100 10 4 1
100 100 7 1
10 100 7 1
100 10 4 1
100 100 0 0
10 100 6 1
100 10 4 1
100 100 0 0
10 100 7 1
100 10 4 1
100 100 7 1
10 100 0 0
100 10 4 1
100 100 0 0
10 100 0 0
100 10 3 1
100 100 6 1
10 100 6 1
100 10 4 1
