1000 63.1886 20 0
1000 54.3081 20 0
1000 56.507 20 0
1000 84.4069 20 0
1000 30.8084 20 0
2000 50.531 22 0
2000 76.5727 21 1
2000 12.655 22 0
2000 101.332 22 0
2000 94.7438 22 0
3000 12.5676 24 0
3000 45.02 24 0
3000 99.4966 24 0
3000 106.809 22 0
3000 29.8021 23 1
4000 108.895 24 0
4000 108.842 24 0
4000 100.464 24 0
4000 82.4056 24 0
4000 88.9703 24 0
5000 45.4763 25 1
5000 114.037 26 0
5000 32.3995 24 0
5000 22.4494 24 0
5000 21.497 26 0
6000 110.201 21 1
6000 63.9247 25 1
6000 126.406 26 0
6000 87.648 23 1
6000 54.434 21 1
7000 124.815 24 0
7000 100.245 25 1
7000 114.972 23 1
7000 92.0827 25 1
7000 133.98 24 0
8000 66.2246 25 1
8000 99.9847 21 1
8000 89.5709 21 1
8000 78.0104 26 0
8000 59.2417 25 1
9000 22.9668 26 0
9000 86.4568 25 1
9000 80.1747 26 0
9000 154.988 26 0
9000 143.297 19 1
10000 156.287 28 0
10000 67.5777 26 0
10000 118.576 26 0
10000 51.6008 28 0
10000 156.373 26 0
11000 128.071 27 1
11000 133.397 28 0
11000 123.72 28 0
11000 82.0673 26 0
11000 57.3119 28 0
12000 124.514 23 1
12000 37.604 28 0
12000 149.817 26 0
12000 135.131 26 0
12000 119.085 25 1
13000 73.0338 26 0
13000 95.1974 28 0
13000 146.788 21 1
13000 141.269 28 0
13000 50.0896 28 0
14000 133.547 28 0
14000 104.34 25 1
14000 108.782 28 0
14000 114.948 27 1
14000 108.425 27 1
15000 183.367 28 0
15000 166.729 28 0
15000 180.014 28 0
15000 35.716 28 0
15000 111.051 25 1
16000 142.667 27 1
16000 149.776 28 0
16000 102.065 28 0
16000 154.342 21 1
16000 184.05 27 1
17000 108.764 21 1
17000 52.1197 28 0
17000 132.782 21 1
17000 10.56 28 0
17000 174.129 28 0
18000 36.2786 30 0
18000 138.555 27 1
18000 185.886 28 0
18000 41.2302 30 0
18000 95.3689 19 1
19000 130.006 30 0
19000 12.1187 28 0
19000 78.4245 28 0
19000 100.246 25 1
19000 128.012 28 0
20000 60.6707 28 0
20000 72.6024 30 0
20000 163.465 25 1
20000 132.098 25 1
20000 141.197 28 0
21000 22.4494 28 0
21000 100.322 30 0
21000 84.6952 28 0
21000 100.1 30 0
21000 30.5945 30 0
22000 83.8972 30 0
22000 196.677 29 1
22000 165.758 30 0
22000 110.805 28 0
22000 28.3635 30 0
23000 111.362 19 1
23000 170.106 28 0
23000 57.4569 28 0
23000 59.5767 30 0
23000 135.303 28 0
24000 162.651 28 0
24000 124.545 30 0
24000 147.817 28 0
24000 135.184 19 1
24000 174.9 28 0
25000 55.0395 30 0
25000 122.164 28 0
25000 113.551 25 1
25000 160.493 28 0
25000 81.7056 27 1
26000 51.2383 28 0
26000 12.9797 30 0
26000 132.36 25 1
26000 215.292 30 0
26000 16.3514 28 0
27000 176.62 30 0
27000 165.189 30 0
27000 202.429 30 0
27000 130.163 29 1
27000 30.3791 28 0
28000 145.833 25 1
28000 21.5904 30 0
28000 105.113 27 1
28000 40.0937 30 0
28000 195.685 27 1
29000 205.408 29 1
29000 105.806 25 1
29000 51.624 30 0
29000 89.7223 30 0
29000 202.84 30 0
30000 174.196 29 1
30000 74.8167 30 0
30000 231.109 30 0
30000 115.231 27 1
30000 128.341 28 0
31000 148.19 30 0
31000 163.824 30 0
31000 105.669 29 1
31000 221.562 27 1
31000 219.518 30 0
32000 140.961 13 1
32000 207.458 30 0
32000 40.3696 30 0
32000 108.333 30 0
32000 95.2822 30 0
33000 169.972 27 1
33000 180.685 30 0
33000 204.496 30 0
33000 158.237 29 1
33000 61.3381 30 0
34000 80.0231 30 0
34000 192.783 30 0
34000 62.4801 30 0
34000 167.541 27 1
34000 8.91759 30 0
35000 159.266 30 0
35000 178.708 25 1
35000 60.624 30 0
35000 157.934 32 0
35000 145.866 27 1
36000 90.9862 30 0
36000 185.217 30 0
36000 42.2496 30 0
36000 188.787 30 0
36000 109.838 30 0
37000 111.583 31 1
37000 218.164 27 1
37000 6.95747 29 1
37000 92.8313 30 0
37000 39.3521 30 0
38000 242.878 25 1
38000 29.1486 32 0
38000 174.025 31 1
38000 181.904 29 1
38000 233.658 32 0
39000 175.901 31 1
39000 188.42 29 1
39000 203.544 29 1
39000 209.775 30 0
39000 70.7367 32 0
40000 178.591 23 1
40000 204.257 29 1
40000 212.107 30 0
40000 202.44 27 1
40000 172.602 29 1
41000 176.625 31 1
41000 107.009 23 1
41000 62.5056 30 0
41000 121.774 30 0
41000 191.405 30 0
42000 167.58 29 1
42000 61.1093 32 0
42000 187.754 27 1
42000 55.9839 32 0
42000 26.9854 30 0
43000 45.6475 30 0
43000 91.1962 25 1
43000 191.957 25 1
43000 166.736 30 0
43000 137.609 29 1
44000 169.011 30 0
44000 157.396 32 0
44000 268.324 30 0
44000 152.281 30 0
44000 94.2903 30 0
45000 216.912 31 1
45000 148.484 32 0
45000 146.59 30 0
45000 205.199 32 0
45000 68.5779 32 0
46000 48.7867 30 0
46000 259.062 29 1
46000 200.988 29 1
46000 235.902 32 0
46000 251.858 27 1
47000 115.639 32 0
47000 28.745 32 0
47000 33.096 30 0
47000 149.063 30 0
47000 205.989 27 1
48000 67.4393 32 0
48000 274.433 30 0
48000 187.666 25 1
48000 151.462 29 1
48000 229.434 29 1
49000 250.345 25 1
49000 173.074 30 0
49000 250.722 29 1
49000 209.602 32 0
49000 157.727 31 1
50000 197.36 32 0
50000 191.727 30 0
50000 204.819 29 1
50000 147.865 31 1
50000 229.592 30 0
51000 212.931 27 1
51000 157.007 31 1
51000 159.389 31 1
51000 275.539 32 0
51000 155.072 30 0
52000 230.708 23 1
52000 18.9422 32 0
52000 66.0274 32 0
52000 200.746 32 0
52000 272.287 29 1
53000 198.62 30 0
53000 37.7726 32 0
53000 20.1286 32 0
53000 138.859 30 0
53000 73.0678 32 0
54000 153.704 32 0
54000 191.508 31 1
54000 127.884 31 1
54000 226.369 29 1
54000 121.149 31 1
55000 198.512 32 0
55000 187.35 31 1
55000 270.737 31 1
55000 251.34 32 0
55000 203.293 32 0
56000 238.196 29 1
56000 219.495 17 1
56000 256.583 31 1
56000 5.43789 32 0
56000 203.688 31 1
57000 194.583 31 1
57000 256.726 32 0
57000 10.6307 32 0
57000 253.679 29 1
57000 41.3757 32 0
58000 135.798 30 0
58000 8.92622 32 0
58000 265.556 29 1
58000 163.565 27 1
58000 68.4274 32 0
59000 256.362 30 0
59000 96.8304 30 0
59000 101.662 27 1
59000 213.437 32 0
59000 79.8585 32 0
60000 252.453 31 1
60000 249.529 25 1
60000 214.139 32 0
60000 14.0569 32 0
60000 262.359 21 1
61000 226.602 32 0
61000 79.9828 32 0
61000 280.668 32 0
61000 305.02 32 0
61000 17.4335 32 0
62000 94.2171 32 0
62000 131.15 32 0
62000 145.448 29 1
62000 222.316 31 1
62000 299.958 31 1
63000 214.143 32 0
63000 182.734 32 0
63000 54.6658 32 0
63000 280.873 32 0
63000 234.365 32 0
64000 142.336 29 1
64000 285.898 29 1
64000 273.795 29 1
64000 29.2772 32 0
64000 153.153 25 1
65000 143.432 32 0
65000 251.841 31 1
65000 285.34 27 1
65000 253.255 29 1
65000 239.36 25 1
66000 100.084 32 0
66000 317.273 32 0
66000 97.0752 32 0
66000 91.9131 32 0
66000 207.144 29 1
67000 165.343 32 0
67000 82.2715 25 1
67000 64.9564 32 0
67000 303.826 29 1
67000 79.9861 32 0
68000 124.819 32 0
68000 297.122 32 0
68000 211.192 32 0
68000 117.316 32 0
68000 28.7604 32 0
69000 300.771 27 1
69000 4.37458 32 0
69000 295.05 31 1
69000 316.737 32 0
69000 103.481 32 0
70000 115.876 29 1
70000 115.419 32 0
70000 46.912 32 0
70000 65.1185 32 0
70000 250.817 27 1
71000 16.4891 32 0
71000 304.232 32 0
71000 249.591 25 1
71000 200.554 25 1
71000 250.591 32 0
72000 231.844 34 0
72000 44.8967 32 0
72000 287.248 34 0
72000 270.252 34 0
72000 243.654 31 1
73000 261.099 31 1
73000 286.61 31 1
73000 223.964 29 1
73000 127.266 29 1
73000 113.813 32 0
74000 45.194 32 0
74000 132.71 29 1
74000 239.333 32 0
74000 190.044 32 0
74000 247.851 32 0
75000 312.684 31 1
75000 232.741 32 0
75000 36.0936 32 0
75000 264.293 31 1
75000 227.973 31 1
76000 304.665 31 1
76000 64.0698 32 0
76000 65.7428 32 0
76000 34.437 32 0
76000 240.312 32 0
77000 44.4657 29 1
77000 257.187 32 0
77000 246.462 29 1
77000 329.429 34 0
77000 67.4583 34 0
78000 89.0095 32 0
78000 93.9271 32 0
78000 77.1901 29 1
78000 342.975 34 0
78000 36.3531 32 0
79000 214.552 33 1
79000 160.229 32 0
79000 142.21 29 1
79000 7.74022 32 0
79000 228.389 32 0
80000 124.679 25 1
80000 309.819 29 1
80000 278.745 27 1
80000 275.89 29 1
80000 172.321 32 0
81000 53.8562 32 0
81000 334.46 34 0
81000 102.535 32 0
81000 173.89 31 1
81000 269.316 32 0
82000 309.582 32 0
82000 252.26 25 1
82000 180.629 32 0
82000 23.6022 32 0
82000 214.834 29 1
83000 112.565 32 0
83000 237.22 32 0
83000 59.0753 32 0
83000 249.149 31 1
83000 145.58 31 1
84000 313.041 32 0
84000 151.53 33 1
84000 139.305 34 0
84000 266.094 29 1
84000 251.959 32 0
85000 238.86 29 1
85000 161.92 32 0
85000 252.712 31 1
85000 315.415 29 1
85000 276.111 31 1
86000 258.67 32 0
86000 20.3247 32 0
86000 52.1161 34 0
86000 199.053 33 1
86000 20.9401 34 0
87000 142.944 32 0
87000 182.643 34 0
87000 336.84 31 1
87000 103.019 34 0
87000 186.133 31 1
88000 298.815 29 1
88000 212.336 31 1
88000 122.98 34 0
88000 58.625 34 0
88000 135.229 27 1
89000 108.763 32 0
89000 225.927 32 0
89000 167.102 31 1
89000 166.909 32 0
89000 329.219 32 0
90000 24.3103 32 0
90000 286.049 29 1
90000 85.2598 34 0
90000 57.9101 34 0
90000 232.082 29 1
91000 8.84632 32 0
91000 60.2094 34 0
91000 281.264 32 0
91000 329.837 25 1
91000 202.883 31 1
92000 196.802 34 0
92000 248.99 32 0
92000 183.32 31 1
92000 44.19 34 0
92000 320.509 31 1
93000 331.547 33 1
93000 46.2419 32 0
93000 253.472 31 1
93000 143.841 34 0
93000 319.103 25 1
94000 23.6777 34 0
94000 130.139 33 1
94000 333.597 33 1
94000 161.509 33 1
94000 191.852 34 0
95000 259.636 34 0
95000 315.612 32 0
95000 18.2078 34 0
95000 49.9586 34 0
95000 294.88 29 1
96000 314.86 27 1
96000 285.221 34 0
96000 251.087 31 1
96000 218.545 33 1
96000 273.828 34 0
97000 218.543 32 0
97000 134.348 34 0
97000 257.754 34 0
97000 190.086 33 1
97000 354.601 31 1
98000 249.288 29 1
98000 279.319 21 1
98000 271.587 34 0
98000 164.596 32 0
98000 141.641 33 1
99000 322.411 33 1
99000 228.278 25 1
99000 321.853 34 0
99000 96.0887 34 0
99000 183.35 33 1
100000 231.489 34 0
100000 188.743 29 1
100000 288.888 33 1
100000 274.564 31 1
100000 179.219 32 0
101000 242.807 27 1
101000 306.7 23 1
101000 277.355 32 0
101000 310.459 31 1
101000 235.58 33 1
102000 168.094 34 0
102000 294.682 31 1
102000 326.173 33 1
102000 83.2987 32 0
102000 270.586 34 0
103000 153.924 32 0
103000 255.443 32 0
103000 326.277 31 1
103000 238.545 34 0
103000 300.951 33 1
104000 378.594 34 0
104000 294.466 29 1
104000 107.451 34 0
104000 58.1813 34 0
104000 116.454 31 1
105000 150.267 31 1
105000 56.8949 34 0
105000 188.043 23 1
105000 319.793 34 0
105000 115.209 31 1
106000 118.851 27 1
106000 220.826 33 1
106000 253.609 27 1
106000 102.059 32 0
106000 215.289 33 1
107000 287.728 34 0
107000 203.912 32 0
107000 172.325 31 1
107000 194.48 33 1
107000 381.975 34 0
108000 131.67 32 0
108000 188.262 32 0
108000 82.925 32 0
108000 349.038 31 1
108000 352.355 27 1
109000 360.936 34 0
109000 370.584 33 1
109000 300.469 31 1
109000 163.115 33 1
109000 55.324 32 0
110000 24.9785 34 0
110000 140.664 34 0
110000 381.156 32 0
110000 383.516 31 1
110000 259.04 33 1
111000 32.0524 34 0
111000 324.803 34 0
111000 187.895 34 0
111000 94.9208 34 0
111000 10.0305 34 0
112000 272.192 31 1
112000 328.521 27 1
112000 145.368 29 1
112000 383.839 34 0
112000 180.115 29 1
113000 348.988 32 0
113000 206.886 33 1
113000 278.361 29 1
113000 152.503 29 1
113000 209.649 33 1
114000 347.094 31 1
114000 301.265 33 1
114000 220.676 33 1
114000 272.572 21 1
114000 401.554 32 0
115000 171.544 29 1
115000 320.007 25 1
115000 301.21 31 1
115000 316.457 29 1
115000 401.504 31 1
116000 28.4008 34 0
116000 303.825 32 0
116000 230.136 34 0
116000 308.233 34 0
116000 283.913 34 0
117000 232.726 34 0
117000 35.4374 34 0
117000 331.181 34 0
117000 87.0099 34 0
117000 191.836 34 0
118000 310.582 33 1
118000 272.938 23 1
118000 301.591 27 1
118000 187.897 34 0
118000 204.413 34 0
119000 260.691 34 0
119000 317.614 31 1
119000 258.046 31 1
119000 18.3829 32 0
119000 282.229 34 0
120000 395.105 33 1
120000 29.0629 34 0
120000 195.809 34 0
120000 335.975 34 0
120000 389.105 32 0
121000 56.6152 34 0
121000 211.162 31 1
121000 169.896 34 0
121000 50.2806 34 0
121000 400.188 34 0
122000 81.2605 34 0
122000 55.1285 34 0
122000 237.332 29 1
122000 126.811 34 0
122000 267.178 34 0
123000 116.806 25 1
123000 31.3029 34 0
123000 100.202 34 0
123000 45.9375 34 0
123000 346.447 27 1
124000 142.488 31 1
124000 200.2 31 1
124000 271.579 31 1
124000 386.636 34 0
124000 99.7588 34 0
125000 76.2985 34 0
125000 237.394 32 0
125000 160.343 33 1
125000 155.132 33 1
125000 277.509 31 1
126000 188.415 34 0
126000 63.3777 34 0
126000 108.194 34 0
126000 253.254 29 1
126000 299.323 29 1
127000 252.658 31 1
127000 204.837 34 0
127000 200.668 34 0
127000 236.941 31 1
127000 407.742 17 1
128000 146.317 34 0
128000 222.902 33 1
128000 348.217 27 1
128000 255.979 29 1
128000 291.589 34 0
129000 226.616 34 0
129000 86.1837 31 1
129000 239.814 33 1
129000 158.074 34 0
129000 174.262 34 0
130000 182.053 33 1
130000 200.335 34 0
130000 249.242 29 1
130000 357.797 31 1
130000 141.445 34 0
131000 419.469 34 0
131000 313.523 34 0
131000 294.307 31 1
131000 252.499 34 0
131000 104.225 34 0
132000 353.512 33 1
132000 293.708 33 1
132000 279.341 19 1
132000 315.725 31 1
132000 413.336 34 0
133000 394.048 31 1
133000 231.723 34 0
133000 47.3119 34 0
133000 302.694 31 1
133000 427.15 34 0
134000 321.046 29 1
134000 250.322 33 1
134000 214.048 33 1
134000 389.667 25 1
134000 334.683 31 1
135000 311.442 31 1
135000 319.065 34 0
135000 358.672 33 1
135000 417.306 34 0
135000 319.291 35 1
136000 365.939 33 1
136000 78.336 34 0
136000 258.057 34 0
136000 79.2188 34 0
136000 405.61 34 0
137000 305.719 33 1
137000 334.919 34 0
137000 354.717 34 0
137000 304.662 33 1
137000 320.798 34 0
138000 334.056 34 0
138000 366.724 33 1
138000 266.492 34 0
138000 417.843 34 0
138000 401.879 31 1
139000 159.168 33 1
139000 93.051 34 0
139000 222.73 33 1
139000 386.757 31 1
139000 195.567 34 0
140000 255.254 31 1
140000 123.049 34 0
140000 266.212 34 0
140000 236.41 34 0
140000 57.1379 34 0
141000 435.457 34 0
141000 234.699 29 1
141000 290.844 34 0
141000 318.456 34 0
141000 53.4225 36 0
142000 370.862 31 1
142000 31.0025 34 0
142000 430.366 34 0
142000 255.689 34 0
142000 196.84 34 0
143000 77.3315 34 0
143000 418.405 36 0
143000 251.36 34 0
143000 183.42 34 0
143000 359.974 33 1
144000 363.379 33 1
144000 220.397 34 0
144000 322.055 29 1
144000 351.44 33 1
144000 12.444 34 0
145000 175.763 29 1
145000 347.712 34 0
145000 301.585 25 1
145000 134.207 36 0
145000 203.886 31 1
146000 213.631 36 0
146000 151.791 33 1
146000 208.716 33 1
146000 401.207 36 0
146000 214.544 33 1
147000 339.625 31 1
147000 379.729 33 1
147000 25.7521 34 0
147000 354.787 33 1
147000 161.194 34 0
148000 373.661 33 1
148000 235.478 29 1
148000 333.791 34 0
148000 28.8745 36 0
148000 443.353 34 0
149000 327.632 31 1
149000 237.309 34 0
149000 379.276 35 1
149000 269.698 34 0
149000 223.247 33 1
150000 360.942 31 1
150000 134.597 36 0
150000 70.1717 34 0
150000 330.375 31 1
150000 399.698 29 1
151000 141.227 36 0
151000 120.361 34 0
151000 57.0481 36 0
151000 138.232 34 0
151000 60.2429 36 0
152000 242.486 36 0
152000 28.511 36 0
152000 393.66 31 1
152000 55.2349 34 0
152000 368.307 27 1
153000 409.549 29 1
153000 235.453 35 1
153000 103.666 33 1
153000 99.3567 34 0
153000 140.867 34 0
154000 108.494 34 0
154000 63.2559 34 0
154000 233.788 34 0
154000 267.864 34 0
154000 188.042 34 0
155000 205.943 29 1
155000 405.746 33 1
155000 185.136 36 0
155000 94.145 36 0
155000 356.258 31 1
156000 146.899 34 0
156000 401.307 33 1
156000 148.023 34 0
156000 401.427 36 0
156000 451.367 34 0
157000 348.183 33 1
157000 394.938 29 1
157000 441.745 34 0
157000 462.757 36 0
157000 171.537 35 1
158000 342.905 33 1
158000 255.262 36 0
158000 249.758 33 1
158000 61.6966 34 0
158000 150.784 34 0
159000 280.028 31 1
159000 11.0724 34 0
159000 417.268 33 1
159000 167.191 33 1
159000 309.491 31 1
160000 162.37 33 1
160000 300.536 34 0
160000 47.1315 34 0
160000 217.604 36 0
160000 434.476 33 1
161000 387.58 23 1
161000 467.384 34 0
161000 40.3226 34 0
161000 15.4456 34 0
161000 210.216 34 0
162000 362.048 33 1
162000 236.98 34 0
162000 389.943 36 0
162000 238.184 34 0
162000 301.054 29 1
163000 390.796 33 1
163000 419.633 31 1
163000 196.092 29 1
163000 272.274 34 0
163000 274.709 34 0
164000 303.422 36 0
164000 336.249 33 1
164000 380.787 29 1
164000 279.382 25 1
164000 314.005 34 0
165000 232.27 33 1
165000 275.056 31 1
165000 431.795 31 1
165000 455.909 36 0
165000 192.283 36 0
166000 217.228 31 1
166000 184.878 36 0
166000 122.73 34 0
166000 305.78 33 1
166000 164.686 27 1
167000 237.15 35 1
167000 434.61 34 0
167000 35.4106 34 0
167000 117.872 34 0
167000 240.344 31 1
168000 234.576 34 0
168000 153.75 36 0
168000 25.0782 36 0
168000 366.573 29 1
168000 51.8059 34 0
169000 355.216 36 0
169000 386.363 35 1
169000 357.946 36 0
169000 355.929 29 1
169000 85.2906 34 0
170000 288.795 35 1
170000 446.212 33 1
170000 359.403 36 0
170000 221.128 36 0
170000 91.6655 36 0
171000 57.8176 36 0
171000 388.082 19 1
171000 154.349 33 1
171000 418.903 36 0
171000 178.576 36 0
172000 309.466 36 0
172000 316.989 35 1
172000 365.945 29 1
172000 216.077 33 1
172000 370.681 23 1
173000 301.466 36 0
173000 244.724 33 1
173000 404.562 36 0
173000 60.0156 34 0
173000 162.355 36 0
174000 74.3568 36 0
174000 377.859 36 0
174000 162.201 34 0
174000 403.22 33 1
174000 163.501 36 0
175000 60.6822 34 0
175000 343.733 31 1
175000 33.3839 36 0
175000 443.751 36 0
175000 209.477 34 0
176000 176.832 35 1
176000 93.2184 36 0
176000 206.487 31 1
176000 395.089 36 0
176000 27.2196 34 0
177000 279.061 34 0
177000 443.793 31 1
177000 210.296 36 0
177000 303.901 34 0
177000 372.159 33 1
178000 172.377 36 0
178000 122.489 36 0
178000 165.193 36 0
178000 62.7935 36 0
178000 226.363 35 1
179000 441.899 34 0
179000 195.989 33 1
179000 307.715 35 1
179000 36.1368 36 0
179000 141.092 27 1
180000 355.781 33 1
180000 327.561 33 1
180000 392.029 33 1
180000 276.042 36 0
180000 327.216 36 0
181000 469.916 23 1
181000 92.7924 36 0
181000 287.323 34 0
181000 229.477 36 0
181000 360.699 29 1
182000 362.803 35 1
182000 438.035 36 0
182000 80.9395 36 0
182000 456.282 36 0
182000 357.456 25 1
183000 332.671 34 0
183000 194.649 35 1
183000 378.26 27 1
183000 49.9249 36 0
183000 44.9942 34 0
184000 291.641 35 1
184000 252.767 34 0
184000 242.025 36 0
184000 354.049 35 1
184000 164.893 36 0
185000 387.734 35 1
185000 370.523 35 1
185000 345.908 36 0
185000 243.848 36 0
185000 116.124 34 0
186000 208.537 34 0
186000 209.568 36 0
186000 186.437 34 0
186000 271.716 33 1
186000 450.53 34 0
187000 364.468 36 0
187000 475.774 35 1
187000 136.915 34 0
187000 149.911 36 0
187000 259.435 31 1
188000 77.814 36 0
188000 278.05 27 1
188000 320.217 36 0
188000 362.464 35 1
188000 427.051 31 1
189000 274.428 35 1
189000 403.632 33 1
189000 393.651 25 1
189000 364.299 25 1
189000 161.934 35 1
190000 239.266 36 0
190000 384.317 36 0
190000 446.181 33 1
190000 452.885 34 0
190000 138.46 31 1
191000 475.464 36 0
191000 244.973 34 0
191000 102.61 36 0
191000 396.978 34 0
191000 308.107 36 0
192000 135.481 33 1
192000 448.96 31 1
192000 262.636 34 0
192000 333.285 31 1
192000 158.223 36 0
193000 493.361 31 1
193000 134.851 36 0
193000 200.556 34 0
193000 212.02 33 1
193000 231.497 29 1
194000 281.396 35 1
194000 324.656 31 1
194000 313.73 36 0
194000 35.1059 34 0
194000 199.586 33 1
195000 176.085 34 0
195000 348.356 33 1
195000 211.349 34 0
195000 187.471 34 0
195000 276.909 34 0
196000 18.4035 36 0
196000 377.276 19 1
196000 102.532 33 1
196000 423.943 33 1
196000 431.75 27 1
197000 303.57 25 1
197000 102.287 34 0
197000 466.947 36 0
197000 431.175 31 1
197000 383.26 35 1
198000 444.816 35 1
198000 246.953 36 0
198000 49.189 34 0
198000 269.895 34 0
198000 430.309 27 1
199000 406.039 36 0
199000 474.211 35 1
199000 225.918 36 0
199000 203.79 36 0
199000 351.866 36 0
200000 191.596 31 1
200000 432.867 31 1
200000 443.275 36 0
200000 437.23 33 1
200000 476.986 25 1
201000 382.922 29 1
201000 77.5265 36 0
201000 320.804 36 0
201000 431.756 31 1
201000 154.108 34 0
202000 195.731 31 1
202000 470.064 36 0
202000 231.773 36 0
202000 450.714 31 1
202000 343.477 33 1
203000 207.224 36 0
203000 421.687 31 1
203000 8.5013 36 0
203000 225.005 36 0
203000 198.871 36 0
204000 359.29 33 1
204000 195.918 36 0
204000 170.26 35 1
204000 121.313 36 0
204000 475.856 35 1
205000 234.89 34 0
205000 52.5502 36 0
205000 409.588 31 1
205000 144.842 34 0
205000 121.855 34 0
206000 414.468 35 1
206000 202.829 36 0
206000 41.652 36 0
206000 334.511 36 0
206000 326.986 29 1
207000 419.18 36 0
207000 497.487 31 1
207000 349.957 33 1
207000 39.0706 34 0
207000 16.0723 34 0
208000 107.067 36 0
208000 240.758 35 1
208000 444.124 33 1
208000 411.388 33 1
208000 453.952 27 1
209000 129.329 23 1
209000 76.6202 36 0
209000 236.373 36 0
209000 63.9283 36 0
209000 176.224 33 1
210000 387.435 33 1
210000 91.1239 34 0
210000 372.877 36 0
210000 365.35 34 0
210000 451.329 33 1
211000 435.751 31 1
211000 171.193 34 0
211000 228.463 33 1
211000 245.47 36 0
211000 266.194 29 1
212000 473.968 34 0
212000 340.638 35 1
212000 312.879 33 1
212000 393.087 36 0
212000 245.608 36 0
213000 495.557 36 0
213000 328.569 36 0
213000 40.5979 36 0
213000 168.257 33 1
213000 350.791 36 0
214000 473.306 31 1
214000 423.408 31 1
214000 282.02 33 1
214000 312.081 33 1
214000 404.746 27 1
215000 214.83 36 0
215000 260.846 35 1
215000 189.136 34 0
215000 350.37 36 0
215000 521.183 34 0
216000 333.116 29 1
216000 94.3525 36 0
216000 206.514 35 1
216000 62.7646 36 0
216000 437.3 36 0
217000 342.06 36 0
217000 147.382 33 1
217000 27.4558 36 0
217000 184.52 36 0
217000 88.3529 36 0
218000 430.624 36 0
218000 430.544 29 1
218000 82.7898 36 0
218000 48.4303 34 0
218000 283.767 33 1
219000 402.048 31 1
219000 99.8125 36 0
219000 487.882 31 1
219000 194.118 34 0
219000 432.799 31 1
220000 125.449 36 0
220000 170.921 34 0
220000 506.563 31 1
220000 223.619 33 1
220000 475.036 33 1
221000 126.065 36 0
221000 275.793 34 0
221000 245.181 33 1
221000 313.964 33 1
221000 168.376 27 1
222000 370.181 36 0
222000 250.072 31 1
222000 466.063 19 1
222000 501.164 36 0
222000 396.71 36 0
223000 415.43 36 0
223000 197.107 31 1
223000 224.709 33 1
223000 104.382 35 1
223000 532.867 36 0
224000 433.062 33 1
224000 443.185 29 1
224000 496.983 33 1
224000 32.2272 36 0
224000 476.336 31 1
225000 391.172 33 1
225000 512.734 36 0
225000 75.5385 36 0
225000 425.906 33 1
225000 473.853 35 1
226000 417.136 35 1
226000 75.221 36 0
226000 425.948 36 0
226000 385.718 36 0
226000 284.308 23 1
227000 197.894 36 0
227000 331.755 31 1
227000 216.901 29 1
227000 26.4064 36 0
227000 408.987 31 1
228000 57.3444 36 0
228000 423.434 31 1
228000 244.248 33 1
228000 281.468 35 1
228000 513.137 35 1
229000 413.717 21 1
229000 152.815 35 1
229000 29.2702 36 0
229000 261.699 33 1
229000 538.556 36 0
230000 369.671 33 1
230000 233.562 31 1
230000 249.018 36 0
230000 109.957 36 0
230000 384.702 36 0
231000 386.828 35 1
231000 362.077 31 1
231000 435.618 33 1
231000 479.873 33 1
231000 194.37 36 0
232000 11.4278 36 0
232000 200.384 36 0
232000 307.899 29 1
232000 254.43 36 0
232000 472.598 36 0
233000 333.025 29 1
233000 165.828 36 0
233000 233.577 36 0
233000 52.5017 36 0
233000 506.251 31 1
234000 71.0542 36 0
234000 371.14 33 1
234000 247.238 36 0
234000 408.339 33 1
234000 192.665 36 0
235000 352.353 36 0
235000 500.11 33 1
235000 292.049 31 1
235000 129.409 36 0
235000 458.235 35 1
236000 456.459 29 1
236000 487.153 33 1
236000 181.133 33 1
236000 106.077 35 1
236000 396.374 29 1
237000 334.539 33 1
237000 478.069 36 0
237000 18.2815 36 0
237000 534.024 34 0
237000 331.295 36 0
238000 315.83 29 1
238000 301.843 36 0
238000 192.045 36 0
238000 50.4936 36 0
238000 113.225 31 1
239000 139.637 36 0
239000 471.573 33 1
239000 97.4372 35 1
239000 489.06 33 1
239000 395.554 31 1
240000 293.185 36 0
240000 369.09 33 1
240000 364.709 31 1
240000 281.4 36 0
240000 301.238 35 1
241000 175.694 36 0
241000 157.655 36 0
241000 274.728 36 0
241000 174.268 34 0
241000 112.441 36 0
242000 513.26 33 1
242000 506.764 36 0
242000 302.212 31 1
242000 57.7982 36 0
242000 34.5727 36 0
243000 484.404 29 1
243000 259.738 29 1
243000 499.192 33 1
243000 205.477 19 1
243000 16.9508 36 0
244000 405.618 36 0
244000 60.9744 36 0
244000 533.866 35 1
244000 27.7483 36 0
244000 174.841 36 0
245000 533.65 35 1
245000 443.637 25 1
245000 480.449 33 1
245000 382.005 36 0
245000 305.256 36 0
246000 187.549 36 0
246000 11.3797 36 0
246000 400.681 27 1
246000 414.766 33 1
246000 351.55 31 1
247000 465.88 36 0
247000 369.871 35 1
247000 227.36 36 0
247000 373.118 29 1
247000 375.568 33 1
248000 82.4642 36 0
248000 218.373 33 1
248000 187.599 36 0
248000 432.92 35 1
248000 410.829 29 1
249000 427.969 36 0
249000 337.755 35 1
249000 534.698 31 1
249000 264.283 36 0
249000 368.595 31 1
250000 420.112 31 1
250000 246.286 36 0
250000 352.459 33 1
250000 355.277 31 1
250000 98.702 36 0
251000 346.444 36 0
251000 81.5785 36 0
251000 533.384 35 1
251000 468.923 33 1
251000 246.458 36 0
252000 396.42 35 1
252000 314.221 29 1
252000 551.521 36 0
252000 108.023 35 1
252000 368.856 36 0
253000 379.952 35 1
253000 440.256 31 1
253000 436.868 31 1
253000 342.22 31 1
253000 48.3741 36 0
254000 123.097 33 1
254000 527.736 35 1
254000 200.663 36 0
254000 244.677 36 0
254000 526.366 36 0
255000 306.712 36 0
255000 340.982 33 1
255000 298.336 29 1
255000 332.607 36 0
255000 291.196 36 0
256000 547.761 23 1
256000 46.853 36 0
256000 274.876 36 0
256000 495.852 33 1
256000 474.171 31 1
257000 193.814 33 1
257000 533.649 33 1
257000 129.793 36 0
257000 169.916 36 0
257000 552.663 33 1
258000 493.35 29 1
258000 80.1532 36 0
258000 165.896 36 0
258000 41.0583 36 0
258000 393.182 33 1
259000 530.304 29 1
259000 498.663 31 1
259000 411.958 33 1
259000 146.923 36 0
259000 149.295 36 0
260000 316.928 35 1
260000 372.113 31 1
260000 537.797 36 0
260000 511.846 35 1
260000 133.41 36 0
261000 212.896 27 1
261000 463.857 36 0
261000 415.288 36 0
261000 208.142 31 1
261000 489.634 36 0
262000 471.64 35 1
262000 578.88 36 0
262000 200.114 36 0
262000 49.8425 36 0
262000 176.521 36 0
263000 404.038 29 1
263000 458.413 36 0
263000 417.084 36 0
263000 247.204 36 0
263000 278.842 27 1
264000 295.851 36 0
264000 463.817 31 1
264000 233.302 31 1
264000 188.703 35 1
264000 383.091 29 1
265000 168.329 25 1
265000 44.8038 36 0
265000 436.198 33 1
265000 503.922 33 1
265000 437.146 35 1
266000 94.0378 36 0
266000 453.712 29 1
266000 326.177 36 0
266000 143.96 36 0
266000 154.989 31 1
267000 396.825 36 0
267000 226.212 36 0
267000 498.478 35 1
267000 495.65 33 1
267000 508.729 36 0
268000 336.855 35 1
268000 554.82 35 1
268000 131.313 36 0
268000 382.713 31 1
268000 469.183 33 1
269000 255.9 36 0
269000 405.461 36 0
269000 569.226 33 1
269000 221.116 36 0
269000 245.959 36 0
270000 266.671 36 0
270000 246.033 36 0
270000 560.516 33 1
270000 321.302 29 1
270000 377.29 33 1
271000 402.375 31 1
271000 501.64 35 1
271000 311.138 36 0
271000 546.754 31 1
271000 424.029 31 1
272000 500.169 31 1
272000 229.069 27 1
272000 474.401 36 0
272000 228.882 35 1
272000 276.294 35 1
273000 564.182 33 1
273000 515.753 29 1
273000 335.42 29 1
273000 258.084 36 0
273000 254.581 36 0
274000 35.7714 36 0
274000 514.636 31 1
274000 318.436 36 0
274000 90.9294 36 0
274000 569.862 36 0
275000 482.106 29 1
275000 322.199 31 1
275000 73.1188 33 1
275000 359.074 31 1
275000 210.412 36 0
276000 158.718 36 0
276000 131.339 36 0
276000 345.217 35 1
276000 419.51 27 1
276000 378.674 33 1
277000 73.4084 38 0
277000 237.315 35 1
277000 415.917 33 1
277000 516.02 31 1
277000 371.821 33 1
278000 369.646 36 0
278000 245.389 33 1
278000 584.886 36 0
278000 423.416 36 0
278000 402.89 33 1
279000 526.859 31 1
279000 429.241 33 1
279000 234.875 36 0
279000 581.892 36 0
279000 135.149 36 0
280000 451.41 35 1
280000 35.2148 36 0
280000 219.283 36 0
280000 257.566 36 0
280000 363.257 33 1
281000 464.779 35 1
281000 148.86 36 0
281000 70.605 36 0
281000 32.5938 36 0
281000 515.932 36 0
282000 414.382 35 1
282000 230.699 37 1
282000 332.721 36 0
282000 530.792 33 1
282000 572.18 33 1
283000 221.475 36 0
283000 215.998 35 1
283000 571.404 38 0
283000 151.967 36 0
283000 520.885 36 0
284000 82.4785 36 0
284000 283.978 36 0
284000 488.957 31 1
284000 264.648 31 1
284000 81.7852 36 0
285000 268.81 29 1
285000 343.17 36 0
285000 522.717 35 1
285000 366.631 33 1
285000 287.712 36 0
286000 595.796 36 0
286000 46.9244 35 1
286000 88.9991 36 0
286000 286.442 33 1
286000 252.727 35 1
287000 567.824 31 1
287000 576.523 31 1
287000 260.073 36 0
287000 189.956 36 0
287000 522.686 31 1
288000 569.963 33 1
288000 55.8982 38 0
288000 65.3367 36 0
288000 463.71 36 0
288000 469.622 27 1
289000 492.076 35 1
289000 115.498 35 1
289000 315.821 31 1
289000 252.988 36 0
289000 389.657 35 1
290000 471.487 31 1
290000 16.8374 36 0
290000 511.542 33 1
290000 233.103 25 1
290000 105.524 36 0
291000 309.956 29 1
291000 404.074 35 1
291000 494.212 36 0
291000 226.705 36 0
291000 575.129 27 1
292000 539.874 31 1
292000 572.439 35 1
292000 491.575 29 1
292000 190.631 38 0
292000 193.444 36 0
293000 237.213 36 0
293000 102.49 36 0
293000 56.3596 36 0
293000 331.793 33 1
293000 181.867 36 0
294000 557.191 33 1
294000 388.374 36 0
294000 397.675 33 1
294000 365.369 33 1
294000 346.356 31 1
295000 262.468 33 1
295000 329.755 33 1
295000 46.3079 36 0
295000 566.098 33 1
295000 351.699 33 1
296000 114.784 36 0
296000 431.604 36 0
296000 35.5051 36 0
296000 506.319 35 1
296000 478.979 27 1
297000 303.352 36 0
297000 540.537 33 1
297000 132.226 27 1
297000 301.924 29 1
297000 314.135 36 0
298000 585.151 35 1
298000 95.1232 36 0
298000 517.507 36 0
298000 451.685 31 1
298000 531.459 31 1
299000 279.135 36 0
299000 420.627 29 1
299000 413.294 36 0
299000 337.42 35 1
299000 473.155 33 1
300000 302.332 36 0
300000 190.16 38 0
300000 202.736 36 0
300000 149.956 25 1
300000 492.002 35 1
