1000 391.259 8 0
1000 939.235 10 0
1000 786.304 10 0
1000 67.5826 6 0
1000 898.2 10 0
2000 945.577 10 0
2000 1055.8 11 1
2000 1035.73 10 0
2000 1191.42 12 0
2000 597.963 10 0
3000 1498.58 3 1
3000 1491.92 11 1
3000 80.0846 6 0
3000 704.298 10 0
3000 207.198 6 0
4000 1281.44 7 1
4000 794.015 10 0
4000 1638.73 14 0
4000 352.41 8 0
4000 845.513 10 0
5000 1202.04 12 0
5000 491.205 10 0
5000 367.918 8 0
5000 1182.56 12 0
5000 809.888 10 0
6000 1912.22 14 0
6000 980.786 10 0
6000 1890.41 13 1
6000 1481.72 11 1
6000 496.701 8 0
7000 2058.71 13 1
7000 1376.55 14 0
7000 1014.35 12 0
7000 1964.07 15 1
7000 1124.44 12 0
8000 297.646 7 1
8000 1421.11 11 1
8000 891.961 12 0
8000 141.871 6 0
8000 1262.74 14 0
9000 1561.08 12 0
9000 2008.67 14 0
9000 909.023 10 0
9000 2015.94 16 0
9000 618.515 10 0
10000 1291.64 12 0
10000 120.685 6 0
10000 2291.13 11 1
10000 2293.43 16 0
10000 1119.18 12 0
11000 1869.04 15 1
11000 2190.55 16 0
11000 864.112 12 0
11000 1772.5 13 1
11000 1691.61 13 1
12000 2407.03 11 1
12000 617.316 10 0
12000 1787.6 14 0
12000 1248.47 12 0
12000 1673.38 12 0
13000 1476.03 14 0
13000 2032.63 14 0
13000 1008.13 12 0
13000 985.062 10 0
13000 1249.24 12 0
14000 2477.01 13 1
14000 1903.87 16 0
14000 2091.54 16 0
14000 1631.01 3 1
14000 2248.9 16 0
15000 781.799 10 0
15000 2617.86 13 1
15000 1361.31 12 0
15000 973.889 12 0
15000 2277.51 13 1
16000 2239.61 15 1
16000 2364.4 15 1
16000 2001.52 14 0
16000 1958.78 16 0
16000 822.014 10 0
17000 2697.91 13 1
17000 2621.12 18 0
17000 116.089 6 0
17000 273.66 8 0
17000 2168.96 13 1
18000 1623.79 14 0
18000 92.3084 6 0
18000 2532.76 15 1
18000 883.616 10 0
18000 2822.86 11 1
19000 2419.87 15 1
19000 2080.99 16 0
19000 2721.77 13 1
19000 294.869 8 0
19000 1880.7 15 1
20000 2138 15 1
20000 2646.07 18 0
20000 2615.75 15 1
20000 418.252 8 0
20000 1136.33 12 0
21000 1928.94 16 0
21000 2196.06 15 1
21000 2777.1 13 1
21000 2001.54 15 1
21000 2828.22 11 1
22000 2539.7 15 1
22000 1363.44 12 0
22000 172.581 6 0
22000 1453.46 14 0
22000 2921.97 11 1
23000 2639.95 13 1
23000 2351.73 17 1
23000 2449.82 11 1
23000 2151.17 16 0
23000 1583.63 14 0
24000 2336.31 16 0
24000 2648.24 17 1
24000 1338.61 14 0
24000 1540.32 14 0
24000 2347.56 16 0
25000 566.065 8 0
25000 2994.97 17 1
25000 1222.15 14 0
25000 129.962 6 0
25000 1717.5 14 0
26000 3100.56 15 1
26000 2197.87 16 0
26000 3112.99 15 1
26000 2244.62 16 0
26000 2335.31 13 1
27000 1170.39 12 0
27000 1426.77 12 0
27000 47.9668 6 0
27000 315.397 6 0
27000 2762.58 15 1
28000 1679 14 0
28000 3002.1 13 1
28000 2445.69 15 1
28000 1812.79 14 0
28000 1060.35 12 0
29000 1817.97 16 0
29000 2574.26 16 0
29000 1201.84 12 0
29000 1696.95 14 0
29000 2387.02 13 1
30000 2029.9 14 0
30000 1998.27 15 1
30000 3162.72 18 0
30000 508.555 10 0
30000 2634.18 13 1
31000 368.879 8 0
31000 474.042 8 0
31000 1794.42 16 0
31000 3062.85 15 1
31000 2328.35 15 1
32000 62.2041 6 0
32000 1982.87 16 0
32000 1308.92 3 1
32000 2287.56 15 1
32000 2592.87 18 0
33000 1213.61 14 0
33000 2167.21 14 0
33000 2535.16 16 0
33000 3011.57 15 1
33000 2159.19 15 1
34000 920.494 10 0
34000 2532.39 15 1
34000 1479.83 14 0
34000 2919.34 18 0
34000 3265.6 17 1
35000 1158.53 12 0
35000 2791.92 18 0
35000 2113.37 14 0
35000 2109.34 11 1
35000 713.297 10 0
36000 1673 14 0
36000 2644.91 18 0
36000 2296.59 13 1
36000 2569.42 11 1
36000 1668.14 14 0
37000 3279.71 19 1
37000 890.725 12 0
37000 3383.88 19 1
37000 3291.56 3 1
37000 2812.1 18 0
38000 3290.8 17 1
38000 3097.95 15 1
38000 2211.54 16 0
38000 2845.89 11 1
38000 2729.54 11 1
39000 2404.77 13 1
39000 2321.61 16 0
39000 116.658 6 0
39000 1510.38 14 0
39000 2790.76 16 0
40000 1353.18 12 0
40000 2613.18 11 1
40000 1746.53 14 0
40000 3553.49 17 1
40000 2152.32 13 1
41000 2815.42 11 1
41000 2411.75 15 1
41000 3194.39 15 1
41000 1268.46 14 0
41000 3303.08 18 0
42000 3086.87 15 1
42000 3232.56 3 1
42000 783.418 10 0
42000 2956.49 17 1
42000 3563.68 19 1
43000 3518.36 17 1
43000 1833.56 14 0
43000 3100.8 13 1
43000 2188.07 16 0
43000 935.766 10 0
44000 1527.65 14 0
44000 1608.82 14 0
44000 1026.24 10 0
44000 1899.23 16 0
44000 960.456 10 0
45000 3297.92 18 0
45000 1991.69 14 0
45000 3417.69 18 0
45000 3390.44 20 0
45000 3286.71 17 1
46000 3496.49 15 1
46000 3363.66 13 1
46000 3052.54 17 1
46000 2653.58 18 0
46000 714.38 10 0
47000 3028.92 11 1
47000 2148.55 16 0
47000 3253.48 11 1
47000 335.69 8 0
47000 2557.35 18 0
48000 2316.01 11 1
48000 2118.23 14 0
48000 3282.02 18 0
48000 189.408 6 0
48000 1696.95 14 0
49000 1742.73 14 0
49000 2522.4 18 0
49000 3549.17 3 1
49000 2398.13 16 0
49000 3611.85 13 1
50000 2743.79 18 0
50000 3547.74 19 1
50000 544.526 10 0
50000 11.3567 6 0
50000 3621.7 3 1
51000 2540.68 16 0
51000 2016.79 14 0
51000 1226.7 9 1
51000 3826.51 15 1
51000 2451.19 9 1
52000 2736.58 15 1
52000 2228.47 16 0
52000 2867.37 17 1
52000 1194 12 0
52000 996.448 12 0
53000 1926.69 16 0
53000 2862.93 3 1
53000 2333.94 16 0
53000 1072 12 0
53000 2831.16 18 0
54000 1361.78 14 0
54000 2366.42 16 0
54000 2987.51 18 0
54000 661.753 3 1
54000 761.97 10 0
55000 2123.64 13 1
55000 1308.46 14 0
55000 3233.76 3 1
55000 809.824 10 0
55000 1347.31 12 0
56000 186.957 8 0
56000 2032.36 16 0
56000 226.271 6 0
56000 2881.7 17 1
56000 3121.04 18 0
57000 1750.37 14 0
57000 3895.11 15 1
57000 3677.59 13 1
57000 3390.89 17 1
57000 671.726 10 0
58000 1199.52 12 0
58000 3720.13 17 1
58000 666.921 10 0
58000 1515.88 14 0
58000 3534.25 18 0
59000 2568.26 13 1
59000 393.711 8 0
59000 3730.89 20 0
59000 2925.56 18 0
59000 3812.99 15 1
60000 3881.31 19 1
60000 673.684 10 0
60000 3603.14 18 0
60000 3371.05 13 1
60000 88.127 4 0
61000 2842.23 15 1
61000 1625.1 14 0
61000 2805.03 18 0
61000 3446.22 20 0
61000 3883.84 19 1
62000 116.033 6 0
62000 3659.08 17 1
62000 4003.11 20 0
62000 775.982 10 0
62000 2900.92 15 1
63000 1162.79 12 0
63000 1860 14 0
63000 2202.55 16 0
63000 3059.15 18 0
63000 789.06 10 0
64000 514.03 8 0
64000 2495.61 15 1
64000 3563.78 19 1
64000 1206.32 12 0
64000 360.334 8 0
65000 4013.05 19 1
65000 3997.78 15 1
65000 2664.06 18 0
65000 2761.53 3 1
65000 3457.62 19 1
66000 3250.86 13 1
66000 2036.04 14 0
66000 3431.07 18 0
66000 3199.6 20 0
66000 3724.37 3 1
67000 3428.49 15 1
67000 2786.38 15 1
67000 3109.86 3 1
67000 3511.72 17 1
67000 3258.68 11 1
68000 3246.99 20 0
68000 1017.72 12 0
68000 2081.56 16 0
68000 2541.63 13 1
68000 3514.75 19 1
69000 956.218 10 0
69000 1101.49 12 0
69000 3652.83 15 1
69000 1668.56 13 1
69000 2921.03 18 0
70000 1387.87 14 0
70000 3886.12 20 0
70000 4005.77 17 1
70000 3224.27 18 0
70000 2999.9 13 1
71000 2660.36 16 0
71000 2454.4 18 0
71000 161.164 6 0
71000 315.344 6 0
71000 2845.83 16 0
72000 1502.53 14 0
72000 4174.07 17 1
72000 997 10 0
72000 3460.96 20 0
72000 493.608 8 0
73000 3953.46 15 1
73000 228.153 8 0
73000 3987.83 3 1
73000 2672.2 18 0
73000 2510.96 16 0
74000 3693.16 18 0
74000 3526.92 13 1
74000 3629.95 19 1
74000 3169.36 20 0
74000 3164.89 17 1
75000 787.074 10 0
75000 3252.28 20 0
75000 2674.84 15 1
75000 3158.26 13 1
75000 1605.71 14 0
76000 2490.34 16 0
76000 3877.01 20 0
76000 2611.94 17 1
76000 3749.62 3 1
76000 2077.72 16 0
77000 2659.95 18 0
77000 1784.73 3 1
77000 2263.15 15 1
77000 4195.6 19 1
77000 897.707 12 0
78000 1615.56 14 0
78000 4026.45 19 1
78000 3732.17 19 1
78000 2498.78 3 1
78000 2673.98 13 1
79000 2591.35 16 0
79000 2117.95 16 0
79000 308.114 8 0
79000 4078.31 3 1
79000 1410.01 12 0
80000 2231.28 16 0
80000 3994.38 13 1
80000 2227.83 16 0
80000 2570.29 17 1
80000 1205.2 12 0
81000 3096.86 17 1
81000 2236.68 16 0
81000 3905.22 17 1
81000 1705.86 7 1
81000 2928.05 18 0
82000 4195.17 19 1
82000 3810.5 20 0
82000 3322.19 19 1
82000 2464.04 11 1
82000 1807.49 16 0
83000 3827.09 17 1
83000 2858.99 15 1
83000 1861.26 3 1
83000 4254 13 1
83000 4092.55 11 1
84000 2171.57 16 0
84000 3939.96 19 1
84000 2765.79 17 1
84000 3971.15 20 0
84000 1123.03 12 0
85000 2914.47 18 0
85000 477.227 10 0
85000 3119.64 11 1
85000 578.755 10 0
85000 1982.41 16 0
86000 3300.12 20 0
86000 3207.31 18 0
86000 261.562 8 0
86000 2531.67 16 0
86000 251.074 8 0
87000 2673.19 16 0
87000 3745.41 20 0
87000 4385.9 17 1
87000 2368.79 18 0
87000 3292.48 19 1
88000 2295.78 15 1
88000 2766.54 18 0
88000 4310.89 21 1
88000 1248.77 12 0
88000 4139.85 15 1
89000 4412.3 13 1
89000 2007.39 3 1
89000 4353.04 19 1
89000 3727.96 19 1
89000 4212.01 17 1
90000 4017.04 17 1
90000 3471.05 11 1
90000 1433.52 12 0
90000 4275.18 21 1
90000 2128.6 3 1
91000 645.507 10 0
91000 2355.29 11 1
91000 2126.39 16 0
91000 4268.82 19 1
91000 2560.72 15 1
92000 3063.41 15 1
92000 2452.25 13 1
92000 4248.31 19 1
92000 2562.19 16 0
92000 3668.4 17 1
93000 4285.64 17 1
93000 507.629 8 0
93000 1258.6 14 0
93000 3718.16 15 1
93000 4417.02 17 1
94000 2543.83 17 1
94000 563.235 10 0
94000 3699.82 11 1
94000 2716.29 18 0
94000 1942.33 16 0
95000 4144.22 19 1
95000 4499.37 3 1
95000 285.184 6 0
95000 3467.26 3 1
95000 1086.53 12 0
96000 3343.61 19 1
96000 974.227 12 0
96000 1020.29 12 0
96000 3641.18 20 0
96000 2489.7 16 0
97000 1157.15 12 0
97000 3472.22 19 1
97000 2634.15 18 0
97000 4038.06 17 1
97000 3914.58 17 1
98000 3826.77 19 1
98000 3561.31 19 1
98000 2666.86 16 0
98000 1941.66 14 0
98000 1636.09 14 0
99000 4065.45 21 1
99000 4381.32 21 1
99000 4105.47 17 1
99000 4326.16 15 1
99000 329.539 8 0
100000 3599.82 13 1
100000 434.782 8 0
100000 2630.93 18 0
100000 521.663 10 0
100000 4185.46 17 1
101000 3989.9 19 1
101000 2032.59 16 0
101000 869.735 12 0
101000 3229.85 11 1
101000 3902.85 19 1
102000 4297.57 15 1
102000 4534.97 19 1
102000 2377.46 18 0
102000 1963.8 16 0
102000 1531.01 14 0
103000 2264.71 15 1
103000 490.806 8 0
103000 4607.21 19 1
103000 4034.15 19 1
103000 2042.59 14 0
104000 4225.31 22 0
104000 4114.43 15 1
104000 4120.42 13 1
104000 3457.5 3 1
104000 3723.26 17 1
105000 4256.83 11 1
105000 2054.6 16 0
105000 3865.3 15 1
105000 294.849 8 0
105000 3607.48 17 1
106000 3204.6 11 1
106000 507.981 10 0
106000 1841.76 14 0
106000 2132.06 16 0
106000 836.952 10 0
107000 4626.3 22 0
107000 3241.62 18 0
107000 4500.98 15 1
107000 3845.32 19 1
107000 1240.01 14 0
108000 519.309 8 0
108000 4151.12 20 0
108000 2887.51 16 0
108000 2748.24 13 1
108000 725.31 10 0
109000 594.538 10 0
109000 3300.96 20 0
109000 2778.41 17 1
109000 1749.89 14 0
109000 4320.51 20 0
110000 4097.25 20 0
110000 4369.81 3 1
110000 15.9218 6 0
110000 1851.91 14 0
110000 2044.29 14 0
111000 869.9 10 0
111000 2339.68 18 0
111000 4148.75 20 0
111000 2939.38 13 1
111000 4095.13 17 1
112000 762.576 10 0
112000 3565.14 11 1
112000 982.392 10 0
112000 2132.75 16 0
112000 3838.43 20 0
113000 4136.61 19 1
113000 4145.84 3 1
113000 4471.67 19 1
113000 524.455 10 0
113000 3007.54 17 1
114000 2102.51 16 0
114000 4111.89 17 1
114000 3496.55 18 0
114000 692.776 10 0
114000 4616.6 17 1
115000 494.45 8 0
115000 3107.73 18 0
115000 3915.54 20 0
115000 1442.66 12 0
115000 4260.55 17 1
116000 2521.17 16 0
116000 2672.63 16 0
116000 4728.72 19 1
116000 4051.31 17 1
116000 4124.07 17 1
117000 3391.75 17 1
117000 2431.43 16 0
117000 2665.49 16 0
117000 269.186 6 0
117000 4303.73 21 1
118000 479.702 10 0
118000 2850.59 18 0
118000 1676.19 14 0
118000 2715.2 13 1
118000 2488.93 18 0
119000 3607.84 20 0
119000 3215.92 18 0
119000 2327.5 13 1
119000 2296.9 16 0
119000 263.71 8 0
120000 4544.72 21 1
120000 4506.3 17 1
120000 1432.06 11 1
120000 1256.82 12 0
120000 4801.39 19 1
121000 1326.02 14 0
121000 3156.81 17 1
121000 4442.61 19 1
121000 3915.26 19 1
121000 1223.48 12 0
122000 3498.13 18 0
122000 770.702 10 0
122000 4578.54 22 0
122000 1652.23 14 0
122000 3204.67 20 0
123000 4042.86 19 1
123000 1084.96 11 1
123000 3089.71 17 1
123000 2241.6 16 0
123000 1034.65 12 0
124000 3758.83 11 1
124000 1635.64 14 0
124000 4099.09 17 1
124000 4036.14 20 0
124000 1506.69 13 1
125000 1224.31 12 0
125000 437.794 8 0
125000 1203.82 12 0
125000 1555.52 12 0
125000 2190.36 16 0
126000 2115.22 16 0
126000 342.322 8 0
126000 4584.75 15 1
126000 2863.24 17 1
126000 4434.32 22 0
127000 4533.8 15 1
127000 2301.32 15 1
127000 2026.21 13 1
127000 4484.82 13 1
127000 4330.35 17 1
128000 4510.04 22 0
128000 3248.95 17 1
128000 3888.66 19 1
128000 1166.69 12 0
128000 4052.98 20 0
129000 1741.66 14 0
129000 3952.03 20 0
129000 3380.03 13 1
129000 2946.64 15 1
129000 3027.39 18 0
130000 985.428 10 0
130000 3082.84 18 0
130000 3489.73 3 1
130000 3788.47 20 0
130000 1217.68 12 0
131000 2098.8 16 0
131000 4870.24 22 0
131000 3766.29 18 0
131000 1578.48 12 0
131000 4351.87 21 1
132000 516.748 8 0
132000 3301.2 15 1
132000 991.555 10 0
132000 3931.19 20 0
132000 4073.67 19 1
133000 2342.36 16 0
133000 4173.63 13 1
133000 607.772 10 0
133000 2113.11 3 1
133000 1703.47 14 0
134000 1962.29 16 0
134000 3807.11 20 0
134000 4519.37 22 0
134000 2482.22 16 0
134000 2781.25 16 0
135000 4650.27 17 1
135000 3989.99 15 1
135000 1292.06 14 0
135000 1352.89 12 0
135000 112.786 6 0
136000 2544.64 13 1
136000 2821.51 13 1
136000 77.5278 6 0
136000 1420.89 14 0
136000 3763.47 20 0
137000 4911.67 19 1
137000 708.726 10 0
137000 4941.68 15 1
137000 2040.49 14 0
137000 1024.99 10 0
138000 4635.53 3 1
138000 1891.14 14 0
138000 2526.51 16 0
138000 4447.45 3 1
138000 3137.53 17 1
139000 2246.63 16 0
139000 3185.59 18 0
139000 4514.41 19 1
139000 4538.59 22 0
139000 4174.18 15 1
140000 2709.69 15 1
140000 4991.32 19 1
140000 171.285 6 0
140000 4544.33 17 1
140000 1288.77 14 0
141000 1700.21 14 0
141000 2310.51 11 1
141000 1051.89 12 0
141000 3270.16 3 1
141000 4813.34 21 1
142000 4801.53 13 1
142000 1791.28 13 1
142000 3846.58 20 0
142000 4854.13 15 1
142000 3947.96 20 0
143000 4741.29 22 0
143000 5003.18 23 1
143000 4692.96 17 1
143000 2626.15 15 1
143000 4742.09 13 1
144000 4268.41 17 1
144000 4361.59 21 1
144000 3890.24 20 0
144000 2843.92 18 0
144000 4846.63 22 0
145000 3120.22 15 1
145000 4875.9 21 1
145000 1853.66 14 0
145000 4418.45 19 1
145000 1352.72 12 0
146000 2460.18 18 0
146000 3944.73 20 0
146000 3839.09 13 1
146000 1978.43 16 0
146000 2532.23 11 1
147000 4178.11 15 1
147000 2735.94 15 1
147000 4273.06 17 1
147000 2139.51 16 0
147000 4084.34 17 1
148000 4968.3 21 1
148000 2440.88 16 0
148000 446.071 8 0
148000 254.966 8 0
148000 1109.24 10 0
149000 4362.77 13 1
149000 1084.77 12 0
149000 2941.27 18 0
149000 3015.22 18 0
149000 2390.02 15 1
150000 4909.74 15 1
150000 2270.5 16 0
150000 4142.08 22 0
150000 4829.08 17 1
150000 3356 17 1
151000 5012.88 21 1
151000 301.613 8 0
151000 1266.06 12 0
151000 2655.26 17 1
151000 2636.43 16 0
152000 2776.43 18 0
152000 704.78 10 0
152000 3591.51 20 0
152000 3314.27 18 0
152000 2118.06 14 0
153000 4391.36 20 0
153000 490.094 8 0
153000 1619.04 11 1
153000 3411.47 11 1
153000 4900.5 15 1
154000 1307.07 12 0
154000 4460.92 13 1
154000 4684.82 20 0
154000 445.027 10 0
154000 2451.61 16 0
155000 3984.36 22 0
155000 2181.86 15 1
155000 3211.38 18 0
155000 4804.52 17 1
155000 5088.23 17 1
156000 118.565 6 0
156000 962.911 12 0
156000 2800.65 18 0
156000 974.41 10 0
156000 1222.06 12 0
157000 4001.54 13 1
157000 1427.96 14 0
157000 4924.22 19 1
157000 216.793 6 0
157000 1148.14 12 0
158000 4596.21 3 1
158000 4103.05 19 1
158000 456.421 8 0
158000 4831.19 22 0
158000 3560.05 20 0
159000 4387.96 19 1
159000 4600.26 13 1
159000 5123.16 21 1
159000 4828.54 3 1
159000 4480.73 19 1
160000 4345.84 15 1
160000 4052.44 15 1
160000 2236.13 16 0
160000 431.925 8 0
160000 4402.86 17 1
161000 466.841 8 0
161000 1687.59 14 0
161000 236.872 6 0
161000 3796.51 15 1
161000 4595.94 3 1
162000 280.104 6 0
162000 3312.27 20 0
162000 2657.01 16 0
162000 1862.96 16 0
162000 4571.01 17 1
163000 2065.1 16 0
163000 543.289 7 1
163000 2622.21 15 1
163000 3624.78 20 0
163000 4661.18 13 1
164000 1444.52 12 0
164000 4981.23 22 0
164000 2323.09 16 0
164000 4074.45 17 1
164000 3945.05 20 0
165000 3069.92 18 0
165000 4041.74 21 1
165000 5096.28 22 0
165000 5004.65 21 1
165000 591.647 10 0
166000 1954.77 16 0
166000 3439.08 19 1
166000 646.283 10 0
166000 1952.54 16 0
166000 1904.73 16 0
167000 930.061 12 0
167000 2936.11 17 1
167000 1578.56 14 0
167000 904.446 12 0
167000 2893.01 3 1
168000 879.763 10 0
168000 3119.42 15 1
168000 3175.13 20 0
168000 4801.97 21 1
168000 4550.82 3 1
169000 2228.65 16 0
169000 1727.12 11 1
169000 4575.12 21 1
169000 4694.67 19 1
169000 5165.16 17 1
170000 2601.76 18 0
170000 2864.18 18 0
170000 296.977 8 0
170000 4027.56 15 1
170000 2861.82 17 1
171000 5236.51 17 1
171000 1324.8 14 0
171000 2257.19 3 1
171000 3889.37 15 1
171000 3941.72 20 0
172000 3395.18 18 0
172000 2339.57 16 0
172000 3067.78 18 0
172000 2613.94 18 0
172000 5146.89 19 1
173000 4337.96 22 0
173000 1030.39 10 0
173000 1984.59 14 0
173000 3590.39 19 1
173000 1539.4 3 1
174000 4543.17 17 1
174000 77.9512 6 0
174000 1165.44 12 0
174000 1498.96 14 0
174000 1237 12 0
175000 4878.37 17 1
175000 3880.7 18 0
175000 4672.39 22 0
175000 1708.67 14 0
175000 3066.57 18 0
176000 5191.89 15 1
176000 3141.46 15 1
176000 596.34 10 0
176000 1667.44 14 0
176000 2249.9 16 0
177000 1779.28 14 0
177000 3665.97 20 0
177000 293.662 8 0
177000 1255.48 9 1
177000 4432 17 1
178000 199.168 8 0
178000 4875.6 17 1
178000 4668.04 19 1
178000 3987.47 17 1
178000 171.525 6 0
179000 1286.37 12 0
179000 18.6091 6 0
179000 4368.84 21 1
179000 747.354 10 0
179000 800.481 10 0
180000 4285.44 20 0
180000 5111.92 17 1
180000 3521.28 17 1
180000 3863.14 11 1
180000 2992.82 18 0
181000 222.381 6 0
181000 3498.7 20 0
181000 3936.59 19 1
181000 5117.34 21 1
181000 1683.88 14 0
182000 2651.98 16 0
182000 4887.36 23 1
182000 1404.18 12 0
182000 2215.82 16 0
182000 2798.3 18 0
183000 4950.03 24 0
183000 1660.98 14 0
183000 4718.5 21 1
183000 2753.58 17 1
183000 5270.38 15 1
184000 485.264 8 0
184000 299.222 8 0
184000 2707.3 15 1
184000 1259.66 12 0
184000 4290.66 17 1
185000 3597.42 15 1
185000 4924.19 24 0
185000 4518.73 19 1
185000 2153.54 16 0
185000 4158.64 20 0
186000 3861.8 13 1
186000 4416.73 11 1
186000 3326.46 20 0
186000 3904.08 19 1
186000 2300.03 13 1
187000 5230.61 23 1
187000 765.667 10 0
187000 4804.36 17 1
187000 3966.3 13 1
187000 4006.29 20 0
188000 2511.52 16 0
188000 89.5856 6 0
188000 1395.7 11 1
188000 5377.28 22 0
188000 4624.34 19 1
189000 4361.35 21 1
189000 2409.69 16 0
189000 2372.87 16 0
189000 3073.24 18 0
189000 4551.89 19 1
190000 3805.41 20 0
190000 1240.25 12 0
190000 2236.92 16 0
190000 2340.28 15 1
190000 4697.27 15 1
191000 5395.15 15 1
191000 2360.43 16 0
191000 2912.44 18 0
191000 2989.84 18 0
191000 5377.08 23 1
192000 4119.03 15 1
192000 5226.52 17 1
192000 5066.4 17 1
192000 2869.14 18 0
192000 5355.12 22 0
193000 5116.64 19 1
193000 3764.5 11 1
193000 5038.3 17 1
193000 894.188 10 0
193000 4620.09 21 1
194000 3472.08 20 0
194000 2812.4 18 0
194000 3496.9 17 1
194000 2093.85 14 0
194000 5330.38 19 1
195000 3115.73 15 1
195000 673.164 10 0
195000 1203.59 12 0
195000 4602.48 17 1
195000 2146.41 14 0
196000 3409.73 15 1
196000 2585.45 15 1
196000 4021.23 15 1
196000 3756.67 15 1
196000 1614.54 14 0
197000 4381.57 20 0
197000 4950.97 21 1
197000 2042.15 16 0
197000 1231.85 14 0
197000 2851.71 17 1
198000 1913.7 16 0
198000 4180.71 20 0
198000 5129.03 15 1
198000 3394.91 15 1
198000 5396.81 21 1
199000 1572.4 14 0
199000 2058.83 16 0
199000 4137.2 15 1
199000 4571.45 19 1
199000 4894.93 22 0
200000 4248.97 3 1
200000 256.377 8 0
200000 1658.99 14 0
200000 1382.59 14 0
200000 1416.73 12 0
201000 3408.73 20 0
201000 788.836 10 0
201000 785.422 12 0
201000 5276.53 19 1
201000 4110.5 15 1
202000 4840.15 17 1
202000 1787.15 13 1
202000 3974.67 19 1
202000 1250.39 12 0
202000 1405.67 12 0
203000 4012.17 20 0
203000 5371.43 19 1
203000 1703.13 14 0
203000 3693.53 20 0
203000 1953.88 16 0
204000 2041.63 14 0
204000 3368.8 20 0
204000 2676.09 18 0
204000 1791.57 14 0
204000 2955.18 18 0
205000 1531.15 12 0
205000 641.878 10 0
205000 5380.06 19 1
205000 4214.84 22 0
205000 4076.98 15 1
206000 3032.55 18 0
206000 871.337 10 0
206000 2664.69 17 1
206000 4216.75 19 1
206000 4714.99 3 1
207000 171.909 6 0
207000 3898.91 13 1
207000 4679.93 13 1
207000 5354.77 17 1
207000 871.429 7 1
208000 5399.79 21 1
208000 5265.41 19 1
208000 5179.39 3 1
208000 5265.38 17 1
208000 4121.31 19 1
209000 4111.08 20 0
209000 3561.88 20 0
209000 2144.82 14 0
209000 953.98 12 0
209000 479.636 10 0
210000 5529.57 13 1
210000 122.383 6 0
210000 5118.42 17 1
210000 3056.52 17 1
210000 4961.68 21 1
211000 5357.82 21 1
211000 4241.48 21 1
211000 4463.45 19 1
211000 5340.14 21 1
211000 5439.79 23 1
212000 2662.81 11 1
212000 3631.57 19 1
212000 2978.06 18 0
212000 507.764 8 0
212000 5395.9 17 1
213000 521.738 10 0
213000 2285.29 16 0
213000 2200.92 16 0
213000 5324.99 23 1
213000 449.82 8 0
214000 1018.91 12 0
214000 715.594 10 0
214000 4823.06 19 1
214000 5549.8 19 1
214000 2986.24 18 0
215000 773.232 10 0
215000 1895.04 16 0
215000 231.158 6 0
215000 4738.62 15 1
215000 4327.2 19 1
216000 4730.49 17 1
216000 2687.24 15 1
216000 4099.52 20 0
216000 3966.37 20 0
216000 3001.74 17 1
217000 1523.48 12 0
217000 1597.33 14 0
217000 895.122 12 0
217000 4587.17 22 0
217000 3258.59 3 1
218000 1586.72 12 0
218000 1648.13 11 1
218000 4040.1 17 1
218000 3837.72 20 0
218000 5146.33 23 1
219000 51.0259 6 0
219000 850.095 10 0
219000 2006.51 14 0
219000 4169.58 20 0
219000 2774.14 13 1
220000 2405.41 13 1
220000 5549.66 17 1
220000 2732.96 17 1
220000 3625.09 20 0
220000 359.764 8 0
221000 4932.78 21 1
221000 4417.57 22 0
221000 2417.38 13 1
221000 1138.41 12 0
221000 1392.84 12 0
222000 333.763 8 0
222000 2951.73 18 0
222000 1563.98 14 0
222000 2399.22 9 1
222000 2033.37 15 1
223000 2906.4 18 0
223000 755.651 5 1
223000 1633.65 14 0
223000 3743.91 17 1
223000 5056.25 3 1
224000 2146.18 16 0
224000 2662.84 16 0
224000 219.12 6 0
224000 2361.4 18 0
224000 1533.79 14 0
225000 4386.63 15 1
225000 4040.24 17 1
225000 3228.37 13 1
225000 2904.89 13 1
225000 5018.09 19 1
226000 5631.15 17 1
226000 4513.02 21 1
226000 5239.57 19 1
226000 260.74 6 0
226000 4504.09 21 1
227000 5536.29 24 0
227000 5197.9 17 1
227000 3488.23 20 0
227000 5013.98 21 1
227000 2698.89 18 0
228000 4144.69 19 1
228000 4776.22 19 1
228000 5431.8 17 1
228000 5050.1 19 1
228000 4463.57 21 1
229000 2970.07 18 0
229000 1938.49 14 0
229000 3471.97 15 1
229000 5002.07 19 1
229000 1576.63 14 0
230000 4790.68 19 1
230000 2984.16 17 1
230000 5489.11 17 1
230000 887.524 10 0
230000 3173.81 18 0
231000 2108.94 16 0
231000 3585.09 18 0
231000 3495.34 20 0
231000 2232.55 16 0
231000 2937.84 18 0
232000 4312.43 17 1
232000 2262.42 14 0
232000 5427.91 19 1
232000 2338.78 16 0
232000 3938.23 15 1
233000 2489.91 16 0
233000 378.876 8 0
233000 545.176 10 0
233000 5552.63 22 0
233000 1834.94 14 0
234000 2824.04 18 0
234000 3637.52 15 1
234000 124.865 4 0
234000 350.427 8 0
234000 4030.45 20 0
235000 1730.82 16 0
235000 5514.54 17 1
235000 2260.79 16 0
235000 3916.6 20 0
235000 1969.4 14 0
236000 405.5 8 0
236000 1572.11 13 1
236000 2952.02 18 0
236000 5594.66 17 1
236000 5639.97 17 1
237000 1216.83 14 0
237000 4568.29 13 1
237000 4613.5 22 0
237000 2964.06 18 0
237000 1185.38 12 0
238000 3426.05 19 1
238000 5596.02 19 1
238000 4231.02 20 0
238000 3415.68 17 1
238000 4538.56 19 1
239000 4085.5 19 1
239000 5703.45 19 1
239000 2689.49 16 0
239000 758.917 10 0
239000 4224.62 17 1
240000 5583.26 22 0
240000 2534.67 16 0
240000 2442.66 11 1
240000 989.718 10 0
240000 1451.57 11 1
241000 4698.36 15 1
241000 2108.91 16 0
241000 807.837 10 0
241000 4552.53 3 1
241000 4489.9 22 0
242000 4946.29 17 1
242000 3315.74 20 0
242000 3807.81 20 0
242000 2110.86 16 0
242000 995.593 12 0
243000 1382.77 12 0
243000 4002.41 19 1
243000 3861.04 19 1
243000 5298.89 15 1
243000 5639.43 24 0
244000 4244.08 21 1
244000 5663.19 24 0
244000 5610.49 21 1
244000 1694.49 14 0
244000 1623.27 14 0
245000 3300.27 18 0
245000 4050.23 15 1
245000 3345.1 20 0
245000 5135.35 15 1
245000 5464.3 19 1
246000 4434.08 22 0
246000 3853.06 20 0
246000 4173.07 15 1
246000 5065.83 3 1
246000 3049.42 18 0
247000 2922.51 17 1
247000 2886.01 18 0
247000 883.518 10 0
247000 4845.85 17 1
247000 2321.92 15 1
248000 4423.25 19 1
248000 5741.49 21 1
248000 1335.04 12 0
248000 5594.4 19 1
248000 494.888 10 0
249000 4252.33 20 0
249000 1843.57 14 0
249000 1895.76 14 0
249000 3114.49 18 0
249000 5760.42 17 1
250000 5319.84 19 1
250000 194.646 8 0
250000 3573.33 17 1
250000 1078.82 12 0
250000 378.355 8 0
251000 126.133 6 0
251000 1218.24 14 0
251000 3532.91 18 0
251000 828.242 12 0
251000 2683.32 16 0
252000 5739.42 19 1
252000 5388.17 17 1
252000 1770.66 14 0
252000 4380.2 19 1
252000 1005.42 10 0
253000 4596.06 22 0
253000 5195.01 22 0
253000 3856.19 11 1
253000 1976.96 14 0
253000 3659.49 11 1
254000 353.066 6 0
254000 3848.82 20 0
254000 5141.81 17 1
254000 3715.09 20 0
254000 4727.34 20 0
255000 2937.63 18 0
255000 4704.27 21 1
255000 4936.87 19 1
255000 1114.19 12 0
255000 1932.58 11 1
256000 1826.93 14 0
256000 3777.67 15 1
256000 2755.06 16 0
256000 3590.6 19 1
256000 3426.48 18 0
257000 34.1586 6 0
257000 3800.45 20 0
257000 429.035 8 0
257000 4910.97 21 1
257000 4773.47 21 1
258000 4200.98 22 0
258000 3219.81 18 0
258000 5045.17 21 1
258000 5026.63 3 1
258000 5679.78 17 1
259000 3306.83 18 0
259000 2864.93 18 0
259000 1211.62 12 0
259000 1329.71 14 0
259000 5784.26 19 1
260000 5787.5 19 1
260000 5005.31 17 1
260000 2498.65 18 0
260000 5340.79 23 1
260000 5605.19 15 1
261000 337.308 8 0
261000 5728.18 19 1
261000 4904.75 19 1
261000 4214.74 17 1
261000 4546.15 19 1
262000 4443.44 19 1
262000 3111.2 18 0
262000 3918.54 13 1
262000 5476.57 21 1
262000 3572.15 20 0
263000 2183.19 13 1
263000 1937.69 14 0
263000 1828.1 14 0
263000 2792.77 16 0
263000 3585.89 19 1
264000 5190.88 22 0
264000 1756.05 14 0
264000 5427.63 19 1
264000 4342.17 17 1
264000 4086.35 20 0
265000 5694.74 15 1
265000 4533.55 19 1
265000 4193.9 17 1
265000 1138.7 10 0
265000 2064.76 16 0
266000 4088.59 11 1
266000 5197.04 19 1
266000 3673.38 20 0
266000 4645.82 21 1
266000 265.654 8 0
267000 4380.78 13 1
267000 286.445 8 0
267000 2348.94 16 0
267000 2333.36 16 0
267000 833.763 10 0
268000 47.8921 6 0
268000 5793.04 24 0
268000 5636.64 19 1
268000 3938.91 19 1
268000 4449.53 19 1
269000 5080.94 21 1
269000 3815.72 17 1
269000 5490.2 15 1
269000 4767.93 21 1
269000 710.34 10 0
270000 3714.34 13 1
270000 3466.37 18 0
270000 5790.2 23 1
270000 633.886 10 0
270000 4490.13 20 0
271000 2306.18 16 0
271000 5492.73 21 1
271000 3209.73 17 1
271000 3826.28 19 1
271000 994.333 10 0
272000 4412.51 22 0
272000 5797.43 24 0
272000 3380.04 20 0
272000 4275.69 3 1
272000 5585.67 19 1
273000 1210.86 12 0
273000 4756.62 19 1
273000 5810.48 17 1
273000 4805.66 19 1
273000 4481.41 13 1
274000 1739.88 14 0
274000 460.743 8 0
274000 2658.28 18 0
274000 4388.82 19 1
274000 1213.33 12 0
275000 1799.5 14 0
275000 5140.59 21 1
275000 4191.73 20 0
275000 2593.1 17 1
275000 1355.24 12 0
276000 4726.09 17 1
276000 662.657 10 0
276000 4947.67 21 1
276000 4746.72 19 1
276000 3946.81 17 1
277000 4038.7 17 1
277000 2194.03 16 0
277000 3999.18 19 1
277000 3108.89 18 0
277000 4603.75 13 1
278000 4780.53 3 1
278000 4903.31 23 1
278000 4106.1 11 1
278000 3097.38 18 0
278000 5883.26 17 1
279000 4014.74 20 0
279000 1560.6 12 0
279000 5563.71 22 0
279000 896.415 12 0
279000 2569.14 16 0
280000 3849.02 19 1
280000 1437.21 12 0
280000 4001.77 20 0
280000 2171.12 14 0
280000 5686.68 19 1
281000 5596.58 21 1
281000 5429.25 23 1
281000 4882.39 17 1
281000 886.394 12 0
281000 3921.03 20 0
282000 5356.93 3 1
282000 3439.67 13 1
282000 1845.89 11 1
282000 440.624 8 0
282000 1961.43 14 0
283000 5505.47 17 1
283000 4168.51 15 1
283000 4473.19 19 1
283000 4475.35 19 1
283000 4281.83 15 1
284000 4592.21 15 1
284000 4848.32 22 0
284000 5489.22 17 1
284000 5310.25 19 1
284000 5053.81 21 1
285000 2269.89 16 0
285000 1694.41 14 0
285000 3214.93 15 1
285000 5753.6 17 1
285000 597.061 8 0
286000 3221.06 20 0
286000 4814.53 17 1
286000 1285.64 12 0
286000 1514.67 13 1
286000 5431.32 17 1
287000 2809.07 15 1
287000 5370.11 19 1
287000 1390.63 14 0
287000 3491.3 15 1
287000 3472.2 13 1
288000 3513.01 3 1
288000 4971.18 22 0
288000 3961.69 15 1
288000 5699.02 21 1
288000 1810.17 14 0
289000 2445 16 0
289000 4723.52 17 1
289000 4976.35 17 1
289000 1917.63 14 0
289000 1259.34 12 0
290000 5822.84 17 1
290000 2172.74 11 1
290000 4193.94 13 1
290000 3558.34 20 0
290000 4531.6 21 1
291000 1676.86 14 0
291000 265.471 8 0
291000 3106.59 18 0
291000 4607.24 22 0
291000 4773.7 21 1
292000 1784.44 16 0
292000 5530.39 21 1
292000 5045.32 13 1
292000 5424.17 19 1
292000 5383.61 23 1
293000 5897.46 19 1
293000 1095.1 10 0
293000 2947.13 18 0
293000 4882.99 17 1
293000 3201.79 20 0
294000 5118.23 15 1
294000 5785.57 15 1
294000 1560.14 14 0
294000 1728.3 16 0
294000 4825.56 17 1
295000 1770.99 14 0
295000 1559.5 14 0
295000 5159.39 21 1
295000 3493.76 19 1
295000 5903.14 19 1
296000 3008.46 15 1
296000 4106.63 20 0
296000 4307.88 3 1
296000 2583.4 13 1
296000 5495.09 23 1
297000 1325.78 12 0
297000 3552.49 20 0
297000 1039.09 12 0
297000 1254.55 12 0
297000 1363.28 12 0
298000 5233.41 19 1
298000 5138.07 19 1
298000 4427.76 13 1
298000 4495.69 3 1
298000 133.585 6 0
299000 2182.09 3 1
299000 5220.45 23 1
299000 3765.13 15 1
299000 5984.6 19 1
299000 1911.83 14 0
300000 5155.82 15 1
300000 4449.74 3 1
300000 4275.6 15 1
300000 5545.17 19 1
300000 3584.98 19 1
