1000 391.259 18 0
1000 939.235 20 0
1000 786.304 20 0
1000 67.5826 20 0
1000 898.2 20 0
2000 945.577 22 0
2000 1055.8 19 1
2000 1035.73 22 0
2000 1191.42 22 0
2000 597.963 22 0
3000 1498.58 21 1
3000 1491.92 23 1
3000 80.0846 24 0
3000 704.298 22 0
3000 207.198 24 0
4000 1281.44 23 1
4000 794.015 24 0
4000 1638.73 24 0
4000 352.41 24 0
4000 845.513 24 0
5000 1202.04 24 0
5000 491.205 26 0
5000 367.918 26 0
5000 1182.56 24 0
5000 809.888 26 0
6000 1912.22 24 0
6000 980.786 26 0
6000 1890.41 23 1
6000 1481.72 23 1
6000 496.701 26 0
7000 2058.71 19 1
7000 1376.55 24 0
7000 1014.35 26 0
7000 1964.07 23 1
7000 1124.44 26 0
8000 297.646 25 1
8000 1421.11 23 1
8000 891.961 26 0
8000 141.871 26 0
8000 1262.74 26 0
9000 1561.08 26 0
9000 2008.67 26 0
9000 909.023 28 0
9000 2015.94 26 0
9000 618.515 26 0
10000 1291.64 28 0
10000 120.685 26 0
10000 2291.13 21 1
10000 2293.43 26 0
10000 1119.18 28 0
11000 1869.04 27 1
11000 2190.55 28 0
11000 864.112 26 0
11000 1772.5 17 1
11000 1691.61 25 1
12000 2407.03 23 1
12000 617.316 28 0
12000 1787.6 28 0
12000 1248.47 28 0
12000 1673.38 28 0
13000 1476.03 28 0
13000 2032.63 26 0
13000 1008.13 26 0
13000 985.062 28 0
13000 1249.24 26 0
14000 2477.01 21 1
14000 1903.87 28 0
14000 2091.54 26 0
14000 1631.01 25 1
14000 2248.9 28 0
15000 781.799 28 0
15000 2617.86 15 1
15000 1361.31 28 0
15000 973.889 28 0
15000 2277.51 19 1
16000 2239.61 27 1
16000 2364.4 27 1
16000 2001.52 28 0
16000 1958.78 28 0
16000 822.014 28 0
17000 2697.91 19 1
17000 2621.12 28 0
17000 116.089 28 0
17000 273.66 28 0
17000 2168.96 21 1
18000 1623.79 28 0
18000 92.3084 28 0
18000 2532.76 27 1
18000 883.616 28 0
18000 2822.86 27 1
19000 2419.87 27 1
19000 2080.99 30 0
19000 2721.77 23 1
19000 294.869 28 0
19000 1880.7 17 1
20000 2138 27 1
20000 2646.07 30 0
20000 2615.75 27 1
20000 418.252 30 0
20000 1136.33 28 0
21000 1928.94 30 0
21000 2196.06 25 1
21000 2777.1 25 1
21000 2001.54 27 1
21000 2828.22 27 1
22000 2539.7 27 1
22000 1363.44 28 0
22000 172.581 30 0
22000 1453.46 28 0
22000 2921.97 27 1
23000 2639.95 29 1
23000 2351.73 29 1
23000 2449.82 27 1
23000 2151.17 28 0
23000 1583.63 30 0
24000 2336.31 30 0
24000 2648.24 27 1
24000 1338.61 30 0
24000 1540.32 30 0
24000 2347.56 28 0
25000 566.065 28 0
25000 2994.97 23 1
25000 1222.15 30 0
25000 129.962 30 0
25000 1717.5 28 0
26000 3100.56 27 1
26000 2197.87 30 0
26000 3112.99 27 1
26000 2244.62 28 0
26000 2335.31 29 1
27000 1170.39 30 0
27000 1426.77 30 0
27000 47.9668 30 0
27000 315.397 30 0
27000 2762.58 27 1
28000 1679 28 0
28000 3002.1 25 1
28000 2445.69 25 1
28000 1812.79 30 0
28000 1060.35 30 0
29000 1817.97 30 0
29000 2574.26 30 0
29000 1201.84 30 0
29000 1696.95 30 0
29000 2387.02 23 1
30000 2029.9 30 0
30000 1998.27 23 1
30000 3162.72 30 0
30000 508.555 30 0
30000 2634.18 25 1
31000 368.879 30 0
31000 474.042 30 0
31000 1794.42 30 0
31000 3062.85 25 1
31000 2328.35 29 1
32000 62.2041 30 0
32000 1982.87 30 0
32000 1308.92 23 1
32000 2287.56 25 1
32000 2592.87 30 0
33000 1213.61 30 0
33000 2167.21 30 0
33000 2535.16 30 0
33000 3011.57 27 1
33000 2159.19 29 1
34000 920.494 30 0
34000 2532.39 29 1
34000 1479.83 30 0
34000 2919.34 30 0
34000 3265.6 29 1
35000 1158.53 30 0
35000 2791.92 30 0
35000 2113.37 30 0
35000 2109.34 29 1
35000 713.297 30 0
36000 1673 30 0
36000 2644.91 32 0
36000 2296.59 23 1
36000 2569.42 21 1
36000 1668.14 30 0
37000 3279.71 29 1
37000 890.725 30 0
37000 3383.88 21 1
37000 3291.56 21 1
37000 2812.1 30 0
38000 3290.8 27 1
38000 3097.95 21 1
38000 2211.54 30 0
38000 2845.89 25 1
38000 2729.54 27 1
39000 2404.77 25 1
39000 2321.61 32 0
39000 116.658 30 0
39000 1510.38 30 0
39000 2790.76 30 0
40000 1353.18 32 0
40000 2613.18 27 1
40000 1746.53 30 0
40000 3553.49 25 1
40000 2152.32 29 1
41000 2815.42 27 1
41000 2411.75 29 1
41000 3194.39 31 1
41000 1268.46 32 0
41000 3303.08 30 0
42000 3086.87 27 1
42000 3232.56 25 1
42000 783.418 30 0
42000 2956.49 31 1
42000 3563.68 31 1
43000 3518.36 29 1
43000 1833.56 32 0
43000 3100.8 25 1
43000 2188.07 32 0
43000 935.766 32 0
44000 1527.65 32 0
44000 1608.82 32 0
44000 1026.24 30 0
44000 1899.23 30 0
44000 960.456 30 0
45000 3297.92 32 0
45000 1991.69 30 0
45000 3417.69 30 0
45000 3390.44 32 0
45000 3286.71 27 1
46000 3496.49 29 1
46000 3363.66 27 1
46000 3052.54 31 1
46000 2653.58 32 0
46000 714.38 32 0
47000 3028.92 27 1
47000 2148.55 32 0
47000 3253.48 31 1
47000 335.69 32 0
47000 2557.35 32 0
48000 2316.01 29 1
48000 2118.23 30 0
48000 3282.02 32 0
48000 189.408 30 0
48000 1696.95 32 0
49000 1742.73 32 0
49000 2522.4 32 0
49000 3549.17 27 1
49000 2398.13 30 0
49000 3611.85 31 1
50000 2743.79 32 0
50000 3547.74 29 1
50000 544.526 32 0
50000 11.3567 30 0
50000 3621.7 31 1
51000 2540.68 30 0
51000 2016.79 30 0
51000 1226.7 23 1
51000 3826.51 25 1
51000 2451.19 27 1
52000 2736.58 31 1
52000 2228.47 32 0
52000 2867.37 31 1
52000 1194 32 0
52000 996.448 32 0
53000 1926.69 30 0
53000 2862.93 27 1
53000 2333.94 32 0
53000 1072 30 0
53000 2831.16 32 0
54000 1361.78 32 0
54000 2366.42 30 0
54000 2987.51 32 0
54000 661.753 25 1
54000 761.97 30 0
55000 2123.64 29 1
55000 1308.46 32 0
55000 3233.76 25 1
55000 809.824 32 0
55000 1347.31 32 0
56000 186.957 32 0
56000 2032.36 32 0
56000 226.271 32 0
56000 2881.7 29 1
56000 3121.04 32 0
57000 1750.37 30 0
57000 3895.11 29 1
57000 3677.59 27 1
57000 3390.89 31 1
57000 671.726 32 0
58000 1199.52 32 0
58000 3720.13 31 1
58000 666.921 32 0
58000 1515.88 32 0
58000 3534.25 32 0
59000 2568.26 31 1
59000 393.711 32 0
59000 3730.89 32 0
59000 2925.56 32 0
59000 3812.99 29 1
60000 3881.31 29 1
60000 673.684 32 0
60000 3603.14 32 0
60000 3371.05 31 1
60000 88.127 32 0
61000 2842.23 29 1
61000 1625.1 32 0
61000 2805.03 32 0
61000 3446.22 32 0
61000 3883.84 31 1
62000 116.033 32 0
62000 3659.08 31 1
62000 4003.11 32 0
62000 775.982 32 0
62000 2900.92 31 1
63000 1162.79 32 0
63000 1860 32 0
63000 2202.55 32 0
63000 3059.15 32 0
63000 789.06 32 0
64000 514.03 32 0
64000 2495.61 31 1
64000 3563.78 29 1
64000 1206.32 32 0
64000 360.334 32 0
65000 4013.05 27 1
65000 3997.78 25 1
65000 2664.06 32 0
65000 2761.53 31 1
65000 3457.62 27 1
66000 3250.86 31 1
66000 2036.04 32 0
66000 3431.07 32 0
66000 3199.6 32 0
66000 3724.37 29 1
67000 3428.49 23 1
67000 2786.38 29 1
67000 3109.86 31 1
67000 3511.72 31 1
67000 3258.68 31 1
68000 3246.99 32 0
68000 1017.72 32 0
68000 2081.56 32 0
68000 2541.63 29 1
68000 3514.75 31 1
69000 956.218 32 0
69000 1101.49 32 0
69000 3652.83 31 1
69000 1668.56 31 1
69000 2921.03 32 0
70000 1387.87 32 0
70000 3886.12 32 0
70000 4005.77 25 1
70000 3224.27 32 0
70000 2999.9 29 1
71000 2660.36 32 0
71000 2454.4 32 0
71000 161.164 32 0
71000 315.344 32 0
71000 2845.83 32 0
72000 1502.53 32 0
72000 4174.07 29 1
72000 997 34 0
72000 3460.96 34 0
72000 493.608 34 0
73000 3953.46 31 1
73000 228.153 32 0
73000 3987.83 29 1
73000 2672.2 32 0
73000 2510.96 32 0
74000 3693.16 32 0
74000 3526.92 23 1
74000 3629.95 21 1
74000 3169.36 32 0
74000 3164.89 27 1
75000 787.074 32 0
75000 3252.28 34 0
75000 2674.84 33 1
75000 3158.26 29 1
75000 1605.71 32 0
76000 2490.34 34 0
76000 3877.01 34 0
76000 2611.94 25 1
76000 3749.62 27 1
76000 2077.72 32 0
77000 2659.95 32 0
77000 1784.73 29 1
77000 2263.15 33 1
77000 4195.6 23 1
77000 897.707 32 0
78000 1615.56 34 0
78000 4026.45 31 1
78000 3732.17 23 1
78000 2498.78 31 1
78000 2673.98 31 1
79000 2591.35 34 0
79000 2117.95 32 0
79000 308.114 34 0
79000 4078.31 33 1
79000 1410.01 32 0
80000 2231.28 32 0
80000 3994.38 25 1
80000 2227.83 32 0
80000 2570.29 31 1
80000 1205.2 32 0
81000 3096.86 29 1
81000 2236.68 32 0
81000 3905.22 23 1
81000 1705.86 31 1
81000 2928.05 34 0
82000 4195.17 31 1
82000 3810.5 32 0
82000 3322.19 29 1
82000 2464.04 25 1
82000 1807.49 32 0
83000 3827.09 27 1
83000 2858.99 31 1
83000 1861.26 33 1
83000 4254 29 1
83000 4092.55 33 1
84000 2171.57 32 0
84000 3939.96 31 1
84000 2765.79 25 1
84000 3971.15 32 0
84000 1123.03 32 0
85000 2914.47 34 0
85000 477.227 34 0
85000 3119.64 25 1
85000 578.755 32 0
85000 1982.41 32 0
86000 3300.12 32 0
86000 3207.31 34 0
86000 261.562 32 0
86000 2531.67 32 0
86000 251.074 34 0
87000 2673.19 34 0
87000 3745.41 34 0
87000 4385.9 23 1
87000 2368.79 34 0
87000 3292.48 31 1
88000 2295.78 29 1
88000 2766.54 32 0
88000 4310.89 31 1
88000 1248.77 32 0
88000 4139.85 31 1
89000 4412.3 29 1
89000 2007.39 29 1
89000 4353.04 31 1
89000 3727.96 29 1
89000 4212.01 33 1
90000 4017.04 27 1
90000 3471.05 31 1
90000 1433.52 34 0
90000 4275.18 31 1
90000 2128.6 29 1
91000 645.507 34 0
91000 2355.29 33 1
91000 2126.39 32 0
91000 4268.82 31 1
91000 2560.72 29 1
92000 3063.41 29 1
92000 2452.25 31 1
92000 4248.31 31 1
92000 2562.19 32 0
92000 3668.4 25 1
93000 4285.64 21 1
93000 507.629 34 0
93000 1258.6 34 0
93000 3718.16 29 1
93000 4417.02 29 1
94000 2543.83 31 1
94000 563.235 34 0
94000 3699.82 23 1
94000 2716.29 34 0
94000 1942.33 32 0
95000 4144.22 21 1
95000 4499.37 27 1
95000 285.184 32 0
95000 3467.26 31 1
95000 1086.53 32 0
96000 3343.61 31 1
96000 974.227 32 0
96000 1020.29 34 0
96000 3641.18 34 0
96000 2489.7 32 0
97000 1157.15 32 0
97000 3472.22 31 1
97000 2634.15 34 0
97000 4038.06 33 1
97000 3914.58 31 1
98000 3826.77 29 1
98000 3561.31 33 1
98000 2666.86 34 0
98000 1941.66 34 0
98000 1636.09 34 0
99000 4065.45 27 1
99000 4381.32 31 1
99000 4105.47 29 1
99000 4326.16 27 1
99000 329.539 32 0
100000 3599.82 29 1
100000 434.782 32 0
100000 2630.93 34 0
100000 521.663 34 0
100000 4185.46 33 1
101000 3989.9 27 1
101000 2032.59 34 0
101000 869.735 34 0
101000 3229.85 27 1
101000 3902.85 33 1
102000 4297.57 29 1
102000 4534.97 31 1
102000 2377.46 34 0
102000 1963.8 34 0
102000 1531.01 32 0
103000 2264.71 31 1
103000 490.806 34 0
103000 4607.21 31 1
103000 4034.15 33 1
103000 2042.59 34 0
104000 4225.31 32 0
104000 4114.43 31 1
104000 4120.42 31 1
104000 3457.5 33 1
104000 3723.26 33 1
105000 4256.83 29 1
105000 2054.6 32 0
105000 3865.3 33 1
105000 294.849 34 0
105000 3607.48 25 1
106000 3204.6 27 1
106000 507.981 34 0
106000 1841.76 34 0
106000 2132.06 34 0
106000 836.952 34 0
107000 4626.3 34 0
107000 3241.62 32 0
107000 4500.98 27 1
107000 3845.32 31 1
107000 1240.01 34 0
108000 519.309 34 0
108000 4151.12 34 0
108000 2887.51 34 0
108000 2748.24 27 1
108000 725.31 34 0
109000 594.538 34 0
109000 3300.96 34 0
109000 2778.41 33 1
109000 1749.89 32 0
109000 4320.51 34 0
110000 4097.25 34 0
110000 4369.81 29 1
110000 15.9218 34 0
110000 1851.91 34 0
110000 2044.29 34 0
111000 869.9 34 0
111000 2339.68 34 0
111000 4148.75 34 0
111000 2939.38 33 1
111000 4095.13 31 1
112000 762.576 34 0
112000 3565.14 19 1
112000 982.392 34 0
112000 2132.75 34 0
112000 3838.43 34 0
113000 4136.61 29 1
113000 4145.84 29 1
113000 4471.67 31 1
113000 524.455 34 0
113000 3007.54 27 1
114000 2102.51 34 0
114000 4111.89 29 1
114000 3496.55 34 0
114000 692.776 34 0
114000 4616.6 31 1
115000 494.45 34 0
115000 3107.73 34 0
115000 3915.54 32 0
115000 1442.66 34 0
115000 4260.55 31 1
116000 2521.17 34 0
116000 2672.63 34 0
116000 4728.72 31 1
116000 4051.31 31 1
116000 4124.07 33 1
117000 3391.75 33 1
117000 2431.43 32 0
117000 2665.49 34 0
117000 269.186 34 0
117000 4303.73 31 1
118000 479.702 34 0
118000 2850.59 34 0
118000 1676.19 34 0
118000 2715.2 33 1
118000 2488.93 34 0
119000 3607.84 34 0
119000 3215.92 34 0
119000 2327.5 31 1
119000 2296.9 32 0
119000 263.71 34 0
120000 4544.72 25 1
120000 4506.3 23 1
120000 1432.06 29 1
120000 1256.82 34 0
120000 4801.39 31 1
121000 1326.02 32 0
121000 3156.81 31 1
121000 4442.61 31 1
121000 3915.26 29 1
121000 1223.48 34 0
122000 3498.13 34 0
122000 770.702 34 0
122000 4578.54 34 0
122000 1652.23 34 0
122000 3204.67 34 0
123000 4042.86 21 1
123000 1084.96 33 1
123000 3089.71 25 1
123000 2241.6 34 0
123000 1034.65 34 0
124000 3758.83 29 1
124000 1635.64 34 0
124000 4099.09 31 1
124000 4036.14 34 0
124000 1506.69 31 1
125000 1224.31 34 0
125000 437.794 34 0
125000 1203.82 34 0
125000 1555.52 34 0
125000 2190.36 34 0
126000 2115.22 34 0
126000 342.322 32 0
126000 4584.75 31 1
126000 2863.24 33 1
126000 4434.32 34 0
127000 4533.8 31 1
127000 2301.32 33 1
127000 2026.21 29 1
127000 4484.82 31 1
127000 4330.35 31 1
128000 4510.04 34 0
128000 3248.95 29 1
128000 3888.66 33 1
128000 1166.69 34 0
128000 4052.98 34 0
129000 1741.66 34 0
129000 3952.03 34 0
129000 3380.03 31 1
129000 2946.64 25 1
129000 3027.39 34 0
130000 985.428 34 0
130000 3082.84 34 0
130000 3489.73 27 1
130000 3788.47 34 0
130000 1217.68 34 0
131000 2098.8 34 0
131000 4870.24 34 0
131000 3766.29 34 0
131000 1578.48 34 0
131000 4351.87 33 1
132000 516.748 36 0
132000 3301.2 33 1
132000 991.555 34 0
132000 3931.19 34 0
132000 4073.67 29 1
133000 2342.36 34 0
133000 4173.63 25 1
133000 607.772 34 0
133000 2113.11 31 1
133000 1703.47 34 0
134000 1962.29 34 0
134000 3807.11 34 0
134000 4519.37 36 0
134000 2482.22 34 0
134000 2781.25 34 0
135000 4650.27 29 1
135000 3989.99 29 1
135000 1292.06 34 0
135000 1352.89 34 0
135000 112.786 34 0
136000 2544.64 31 1
136000 2821.51 33 1
136000 77.5278 34 0
136000 1420.89 34 0
136000 3763.47 34 0
137000 4911.67 33 1
137000 708.726 34 0
137000 4941.68 31 1
137000 2040.49 36 0
137000 1024.99 34 0
138000 4635.53 29 1
138000 1891.14 34 0
138000 2526.51 36 0
138000 4447.45 33 1
138000 3137.53 33 1
139000 2246.63 34 0
139000 3185.59 34 0
139000 4514.41 31 1
139000 4538.59 36 0
139000 4174.18 29 1
140000 2709.69 33 1
140000 4991.32 31 1
140000 171.285 34 0
140000 4544.33 29 1
140000 1288.77 34 0
141000 1700.21 36 0
141000 2310.51 31 1
141000 1051.89 34 0
141000 3270.16 33 1
141000 4813.34 31 1
142000 4801.53 31 1
142000 1791.28 33 1
142000 3846.58 34 0
142000 4854.13 29 1
142000 3947.96 36 0
143000 4741.29 36 0
143000 5003.18 29 1
143000 4692.96 31 1
143000 2626.15 33 1
143000 4742.09 31 1
144000 4268.41 33 1
144000 4361.59 33 1
144000 3890.24 34 0
144000 2843.92 34 0
144000 4846.63 34 0
145000 3120.22 31 1
145000 4875.9 33 1
145000 1853.66 34 0
145000 4418.45 31 1
145000 1352.72 34 0
146000 2460.18 34 0
146000 3944.73 34 0
146000 3839.09 27 1
146000 1978.43 34 0
146000 2532.23 31 1
147000 4178.11 23 1
147000 2735.94 33 1
147000 4273.06 29 1
147000 2139.51 34 0
147000 4084.34 31 1
148000 4968.3 33 1
148000 2440.88 36 0
148000 446.071 34 0
148000 254.966 34 0
148000 1109.24 34 0
149000 4362.77 23 1
149000 1084.77 34 0
149000 2941.27 34 0
149000 3015.22 36 0
149000 2390.02 33 1
150000 4909.74 31 1
150000 2270.5 34 0
150000 4142.08 36 0
150000 4829.08 19 1
150000 3356 33 1
151000 5012.88 33 1
151000 301.613 34 0
151000 1266.06 34 0
151000 2655.26 33 1
151000 2636.43 36 0
152000 2776.43 36 0
152000 704.78 34 0
152000 3591.51 34 0
152000 3314.27 36 0
152000 2118.06 36 0
153000 4391.36 34 0
153000 490.094 34 0
153000 1619.04 33 1
153000 3411.47 29 1
153000 4900.5 29 1
154000 1307.07 34 0
154000 4460.92 31 1
154000 4684.82 34 0
154000 445.027 34 0
154000 2451.61 34 0
155000 3984.36 34 0
155000 2181.86 29 1
155000 3211.38 34 0
155000 4804.52 33 1
155000 5088.23 31 1
156000 118.565 34 0
156000 962.911 34 0
156000 2800.65 36 0
156000 974.41 34 0
156000 1222.06 34 0
157000 4001.54 31 1
157000 1427.96 34 0
157000 4924.22 29 1
157000 216.793 34 0
157000 1148.14 34 0
158000 4596.21 31 1
158000 4103.05 35 1
158000 456.421 34 0
158000 4831.19 36 0
158000 3560.05 36 0
159000 4387.96 25 1
159000 4600.26 29 1
159000 5123.16 33 1
159000 4828.54 31 1
159000 4480.73 29 1
160000 4345.84 33 1
160000 4052.44 31 1
160000 2236.13 36 0
160000 431.925 36 0
160000 4402.86 31 1
161000 466.841 36 0
161000 1687.59 34 0
161000 236.872 34 0
161000 3796.51 29 1
161000 4595.94 31 1
162000 280.104 36 0
162000 3312.27 36 0
162000 2657.01 34 0
162000 1862.96 34 0
162000 4571.01 33 1
163000 2065.1 36 0
163000 543.289 35 1
163000 2622.21 29 1
163000 3624.78 34 0
163000 4661.18 31 1
164000 1444.52 34 0
164000 4981.23 34 0
164000 2323.09 34 0
164000 4074.45 33 1
164000 3945.05 34 0
165000 3069.92 34 0
165000 4041.74 27 1
165000 5096.28 36 0
165000 5004.65 31 1
165000 591.647 36 0
166000 1954.77 36 0
166000 3439.08 29 1
166000 646.283 36 0
166000 1952.54 34 0
166000 1904.73 36 0
167000 930.061 34 0
167000 2936.11 31 1
167000 1578.56 36 0
167000 904.446 34 0
167000 2893.01 29 1
168000 879.763 36 0
168000 3119.42 29 1
168000 3175.13 34 0
168000 4801.97 33 1
168000 4550.82 31 1
169000 2228.65 34 0
169000 1727.12 31 1
169000 4575.12 33 1
169000 4694.67 33 1
169000 5165.16 31 1
170000 2601.76 34 0
170000 2864.18 34 0
170000 296.977 34 0
170000 4027.56 33 1
170000 2861.82 33 1
171000 5236.51 25 1
171000 1324.8 34 0
171000 2257.19 25 1
171000 3889.37 33 1
171000 3941.72 34 0
172000 3395.18 34 0
172000 2339.57 36 0
172000 3067.78 34 0
172000 2613.94 34 0
172000 5146.89 31 1
173000 4337.96 34 0
173000 1030.39 34 0
173000 1984.59 34 0
173000 3590.39 33 1
173000 1539.4 27 1
174000 4543.17 27 1
174000 77.9512 34 0
174000 1165.44 34 0
174000 1498.96 34 0
174000 1237 34 0
175000 4878.37 33 1
175000 3880.7 34 0
175000 4672.39 36 0
175000 1708.67 36 0
175000 3066.57 34 0
176000 5191.89 31 1
176000 3141.46 25 1
176000 596.34 34 0
176000 1667.44 34 0
176000 2249.9 36 0
177000 1779.28 36 0
177000 3665.97 34 0
177000 293.662 34 0
177000 1255.48 35 1
177000 4432 29 1
178000 199.168 36 0
178000 4875.6 31 1
178000 4668.04 33 1
178000 3987.47 27 1
178000 171.525 34 0
179000 1286.37 34 0
179000 18.6091 34 0
179000 4368.84 31 1
179000 747.354 34 0
179000 800.481 36 0
180000 4285.44 36 0
180000 5111.92 29 1
180000 3521.28 35 1
180000 3863.14 31 1
180000 2992.82 36 0
181000 222.381 36 0
181000 3498.7 36 0
181000 3936.59 35 1
181000 5117.34 35 1
181000 1683.88 36 0
182000 2651.98 36 0
182000 4887.36 33 1
182000 1404.18 36 0
182000 2215.82 34 0
182000 2798.3 36 0
183000 4950.03 36 0
183000 1660.98 34 0
183000 4718.5 31 1
183000 2753.58 33 1
183000 5270.38 31 1
184000 485.264 34 0
184000 299.222 34 0
184000 2707.3 35 1
184000 1259.66 36 0
184000 4290.66 31 1
185000 3597.42 31 1
185000 4924.19 34 0
185000 4518.73 21 1
185000 2153.54 36 0
185000 4158.64 34 0
186000 3861.8 29 1
186000 4416.73 29 1
186000 3326.46 36 0
186000 3904.08 35 1
186000 2300.03 35 1
187000 5230.61 35 1
187000 765.667 36 0
187000 4804.36 33 1
187000 3966.3 31 1
187000 4006.29 36 0
188000 2511.52 36 0
188000 89.5856 36 0
188000 1395.7 35 1
188000 5377.28 34 0
188000 4624.34 29 1
189000 4361.35 27 1
189000 2409.69 36 0
189000 2372.87 36 0
189000 3073.24 36 0
189000 4551.89 33 1
190000 3805.41 34 0
190000 1240.25 36 0
190000 2236.92 34 0
190000 2340.28 35 1
190000 4697.27 29 1
191000 5395.15 31 1
191000 2360.43 34 0
191000 2912.44 34 0
191000 2989.84 36 0
191000 5377.08 33 1
192000 4119.03 35 1
192000 5226.52 23 1
192000 5066.4 31 1
192000 2869.14 36 0
192000 5355.12 36 0
193000 5116.64 31 1
193000 3764.5 31 1
193000 5038.3 31 1
193000 894.188 36 0
193000 4620.09 35 1
194000 3472.08 34 0
194000 2812.4 36 0
194000 3496.9 33 1
194000 2093.85 36 0
194000 5330.38 31 1
195000 3115.73 23 1
195000 673.164 36 0
195000 1203.59 36 0
195000 4602.48 29 1
195000 2146.41 36 0
196000 3409.73 31 1
196000 2585.45 31 1
196000 4021.23 31 1
196000 3756.67 33 1
196000 1614.54 36 0
197000 4381.57 36 0
197000 4950.97 29 1
197000 2042.15 34 0
197000 1231.85 36 0
197000 2851.71 35 1
198000 1913.7 36 0
198000 4180.71 36 0
198000 5129.03 31 1
198000 3394.91 29 1
198000 5396.81 31 1
199000 1572.4 36 0
199000 2058.83 36 0
199000 4137.2 25 1
199000 4571.45 33 1
199000 4894.93 34 0
200000 4248.97 31 1
200000 256.377 36 0
200000 1658.99 36 0
200000 1382.59 36 0
200000 1416.73 34 0
201000 3408.73 36 0
201000 788.836 34 0
201000 785.422 36 0
201000 5276.53 35 1
201000 4110.5 29 1
202000 4840.15 29 1
202000 1787.15 25 1
202000 3974.67 31 1
202000 1250.39 36 0
202000 1405.67 36 0
203000 4012.17 36 0
203000 5371.43 31 1
203000 1703.13 36 0
203000 3693.53 36 0
203000 1953.88 36 0
204000 2041.63 34 0
204000 3368.8 36 0
204000 2676.09 36 0
204000 1791.57 36 0
204000 2955.18 36 0
205000 1531.15 36 0
205000 641.878 36 0
205000 5380.06 31 1
205000 4214.84 36 0
205000 4076.98 23 1
206000 3032.55 36 0
206000 871.337 36 0
206000 2664.69 33 1
206000 4216.75 31 1
206000 4714.99 33 1
207000 171.909 36 0
207000 3898.91 31 1
207000 4679.93 33 1
207000 5354.77 27 1
207000 871.429 35 1
208000 5399.79 31 1
208000 5265.41 35 1
208000 5179.39 29 1
208000 5265.38 35 1
208000 4121.31 35 1
209000 4111.08 36 0
209000 3561.88 36 0
209000 2144.82 36 0
209000 953.98 36 0
209000 479.636 36 0
210000 5529.57 29 1
210000 122.383 36 0
210000 5118.42 27 1
210000 3056.52 33 1
210000 4961.68 29 1
211000 5357.82 35 1
211000 4241.48 35 1
211000 4463.45 33 1
211000 5340.14 35 1
211000 5439.79 33 1
212000 2662.81 31 1
212000 3631.57 35 1
212000 2978.06 36 0
212000 507.764 34 0
212000 5395.9 25 1
213000 521.738 36 0
213000 2285.29 36 0
213000 2200.92 36 0
213000 5324.99 35 1
213000 449.82 36 0
214000 1018.91 36 0
214000 715.594 36 0
214000 4823.06 31 1
214000 5549.8 31 1
214000 2986.24 36 0
215000 773.232 36 0
215000 1895.04 36 0
215000 231.158 34 0
215000 4738.62 33 1
215000 4327.2 31 1
216000 4730.49 35 1
216000 2687.24 27 1
216000 4099.52 36 0
216000 3966.37 34 0
216000 3001.74 35 1
217000 1523.48 36 0
217000 1597.33 36 0
217000 895.122 36 0
217000 4587.17 36 0
217000 3258.59 33 1
218000 1586.72 36 0
218000 1648.13 33 1
218000 4040.1 33 1
218000 3837.72 36 0
218000 5146.33 29 1
219000 51.0259 36 0
219000 850.095 36 0
219000 2006.51 36 0
219000 4169.58 36 0
219000 2774.14 31 1
220000 2405.41 31 1
220000 5549.66 23 1
220000 2732.96 29 1
220000 3625.09 36 0
220000 359.764 36 0
221000 4932.78 35 1
221000 4417.57 36 0
221000 2417.38 35 1
221000 1138.41 36 0
221000 1392.84 36 0
222000 333.763 36 0
222000 2951.73 36 0
222000 1563.98 36 0
222000 2399.22 33 1
222000 2033.37 35 1
223000 2906.4 36 0
223000 755.651 33 1
223000 1633.65 36 0
223000 3743.91 31 1
223000 5056.25 29 1
224000 2146.18 36 0
224000 2662.84 36 0
224000 219.12 36 0
224000 2361.4 36 0
224000 1533.79 36 0
225000 4386.63 29 1
225000 4040.24 33 1
225000 3228.37 33 1
225000 2904.89 35 1
225000 5018.09 35 1
226000 5631.15 35 1
226000 4513.02 35 1
226000 5239.57 31 1
226000 260.74 36 0
226000 4504.09 35 1
227000 5536.29 36 0
227000 5197.9 31 1
227000 3488.23 36 0
227000 5013.98 35 1
227000 2698.89 36 0
228000 4144.69 35 1
228000 4776.22 31 1
228000 5431.8 31 1
228000 5050.1 29 1
228000 4463.57 35 1
229000 2970.07 36 0
229000 1938.49 36 0
229000 3471.97 35 1
229000 5002.07 29 1
229000 1576.63 36 0
230000 4790.68 33 1
230000 2984.16 31 1
230000 5489.11 29 1
230000 887.524 36 0
230000 3173.81 36 0
231000 2108.94 36 0
231000 3585.09 36 0
231000 3495.34 36 0
231000 2232.55 36 0
231000 2937.84 36 0
232000 4312.43 31 1
232000 2262.42 34 0
232000 5427.91 33 1
232000 2338.78 36 0
232000 3938.23 31 1
233000 2489.91 36 0
233000 378.876 34 0
233000 545.176 36 0
233000 5552.63 36 0
233000 1834.94 36 0
234000 2824.04 36 0
234000 3637.52 25 1
234000 124.865 36 0
234000 350.427 36 0
234000 4030.45 36 0
235000 1730.82 36 0
235000 5514.54 33 1
235000 2260.79 36 0
235000 3916.6 36 0
235000 1969.4 36 0
236000 405.5 36 0
236000 1572.11 35 1
236000 2952.02 36 0
236000 5594.66 31 1
236000 5639.97 29 1
237000 1216.83 36 0
237000 4568.29 33 1
237000 4613.5 36 0
237000 2964.06 36 0
237000 1185.38 36 0
238000 3426.05 35 1
238000 5596.02 29 1
238000 4231.02 36 0
238000 3415.68 35 1
238000 4538.56 29 1
239000 4085.5 35 1
239000 5703.45 31 1
239000 2689.49 36 0
239000 758.917 36 0
239000 4224.62 25 1
240000 5583.26 36 0
240000 2534.67 36 0
240000 2442.66 35 1
240000 989.718 36 0
240000 1451.57 29 1
241000 4698.36 35 1
241000 2108.91 36 0
241000 807.837 36 0
241000 4552.53 27 1
241000 4489.9 36 0
242000 4946.29 31 1
242000 3315.74 36 0
242000 3807.81 36 0
242000 2110.86 36 0
242000 995.593 36 0
243000 1382.77 36 0
243000 4002.41 35 1
243000 3861.04 35 1
243000 5298.89 29 1
243000 5639.43 36 0
244000 4244.08 29 1
244000 5663.19 36 0
244000 5610.49 33 1
244000 1694.49 36 0
244000 1623.27 36 0
245000 3300.27 36 0
245000 4050.23 33 1
245000 3345.1 36 0
245000 5135.35 33 1
245000 5464.3 33 1
246000 4434.08 36 0
246000 3853.06 34 0
246000 4173.07 31 1
246000 5065.83 29 1
246000 3049.42 36 0
247000 2922.51 35 1
247000 2886.01 36 0
247000 883.518 36 0
247000 4845.85 29 1
247000 2321.92 29 1
248000 4423.25 33 1
248000 5741.49 35 1
248000 1335.04 36 0
248000 5594.4 33 1
248000 494.888 36 0
249000 4252.33 36 0
249000 1843.57 36 0
249000 1895.76 36 0
249000 3114.49 36 0
249000 5760.42 33 1
250000 5319.84 33 1
250000 194.646 36 0
250000 3573.33 25 1
250000 1078.82 36 0
250000 378.355 36 0
251000 126.133 36 0
251000 1218.24 36 0
251000 3532.91 36 0
251000 828.242 36 0
251000 2683.32 36 0
252000 5739.42 31 1
252000 5388.17 31 1
252000 1770.66 36 0
252000 4380.2 35 1
252000 1005.42 36 0
253000 4596.06 36 0
253000 5195.01 36 0
253000 3856.19 31 1
253000 1976.96 36 0
253000 3659.49 31 1
254000 353.066 36 0
254000 3848.82 36 0
254000 5141.81 33 1
254000 3715.09 36 0
254000 4727.34 36 0
255000 2937.63 36 0
255000 4704.27 33 1
255000 4936.87 33 1
255000 1114.19 36 0
255000 1932.58 31 1
256000 1826.93 34 0
256000 3777.67 33 1
256000 2755.06 36 0
256000 3590.6 35 1
256000 3426.48 36 0
257000 34.1586 36 0
257000 3800.45 36 0
257000 429.035 36 0
257000 4910.97 35 1
257000 4773.47 33 1
258000 4200.98 36 0
258000 3219.81 36 0
258000 5045.17 35 1
258000 5026.63 33 1
258000 5679.78 31 1
259000 3306.83 36 0
259000 2864.93 36 0
259000 1211.62 36 0
259000 1329.71 36 0
259000 5784.26 27 1
260000 5787.5 21 1
260000 5005.31 29 1
260000 2498.65 36 0
260000 5340.79 35 1
260000 5605.19 31 1
261000 337.308 36 0
261000 5728.18 29 1
261000 4904.75 29 1
261000 4214.74 33 1
261000 4546.15 35 1
262000 4443.44 33 1
262000 3111.2 36 0
262000 3918.54 31 1
262000 5476.57 33 1
262000 3572.15 36 0
263000 2183.19 35 1
263000 1937.69 36 0
263000 1828.1 36 0
263000 2792.77 36 0
263000 3585.89 35 1
264000 5190.88 36 0
264000 1756.05 36 0
264000 5427.63 33 1
264000 4342.17 35 1
264000 4086.35 36 0
265000 5694.74 27 1
265000 4533.55 33 1
265000 4193.9 29 1
265000 1138.7 36 0
265000 2064.76 36 0
266000 4088.59 31 1
266000 5197.04 33 1
266000 3673.38 36 0
266000 4645.82 33 1
266000 265.654 36 0
267000 4380.78 35 1
267000 286.445 36 0
267000 2348.94 36 0
267000 2333.36 36 0
267000 833.763 36 0
268000 47.8921 36 0
268000 5793.04 36 0
268000 5636.64 33 1
268000 3938.91 33 1
268000 4449.53 35 1
269000 5080.94 35 1
269000 3815.72 35 1
269000 5490.2 29 1
269000 4767.93 35 1
269000 710.34 36 0
270000 3714.34 35 1
270000 3466.37 36 0
270000 5790.2 31 1
270000 633.886 36 0
270000 4490.13 36 0
271000 2306.18 36 0
271000 5492.73 35 1
271000 3209.73 35 1
271000 3826.28 27 1
271000 994.333 36 0
272000 4412.51 38 0
272000 5797.43 36 0
272000 3380.04 36 0
272000 4275.69 35 1
272000 5585.67 27 1
273000 1210.86 36 0
273000 4756.62 31 1
273000 5810.48 33 1
273000 4805.66 29 1
273000 4481.41 33 1
274000 1739.88 36 0
274000 460.743 36 0
274000 2658.28 38 0
274000 4388.82 37 1
274000 1213.33 36 0
275000 1799.5 36 0
275000 5140.59 37 1
275000 4191.73 36 0
275000 2593.1 37 1
275000 1355.24 36 0
276000 4726.09 31 1
276000 662.657 36 0
276000 4947.67 35 1
276000 4746.72 25 1
276000 3946.81 35 1
277000 4038.7 33 1
277000 2194.03 36 0
277000 3999.18 35 1
277000 3108.89 36 0
277000 4603.75 33 1
278000 4780.53 33 1
278000 4903.31 35 1
278000 4106.1 35 1
278000 3097.38 36 0
278000 5883.26 31 1
279000 4014.74 36 0
279000 1560.6 36 0
279000 5563.71 36 0
279000 896.415 36 0
279000 2569.14 36 0
280000 3849.02 35 1
280000 1437.21 36 0
280000 4001.77 36 0
280000 2171.12 36 0
280000 5686.68 31 1
281000 5596.58 29 1
281000 5429.25 35 1
281000 4882.39 31 1
281000 886.394 36 0
281000 3921.03 36 0
282000 5356.93 29 1
282000 3439.67 33 1
282000 1845.89 35 1
282000 440.624 36 0
282000 1961.43 36 0
283000 5505.47 33 1
283000 4168.51 27 1
283000 4473.19 33 1
283000 4475.35 27 1
283000 4281.83 33 1
284000 4592.21 29 1
284000 4848.32 38 0
284000 5489.22 31 1
284000 5310.25 29 1
284000 5053.81 27 1
285000 2269.89 36 0
285000 1694.41 36 0
285000 3214.93 35 1
285000 5753.6 31 1
285000 597.061 38 0
286000 3221.06 36 0
286000 4814.53 33 1
286000 1285.64 36 0
286000 1514.67 33 1
286000 5431.32 31 1
287000 2809.07 31 1
287000 5370.11 31 1
287000 1390.63 36 0
287000 3491.3 31 1
287000 3472.2 33 1
288000 3513.01 35 1
288000 4971.18 36 0
288000 3961.69 33 1
288000 5699.02 35 1
288000 1810.17 36 0
289000 2445 36 0
289000 4723.52 33 1
289000 4976.35 21 1
289000 1917.63 36 0
289000 1259.34 36 0
290000 5822.84 33 1
290000 2172.74 35 1
290000 4193.94 29 1
290000 3558.34 36 0
290000 4531.6 37 1
291000 1676.86 36 0
291000 265.471 36 0
291000 3106.59 36 0
291000 4607.24 36 0
291000 4773.7 31 1
292000 1784.44 36 0
292000 5530.39 37 1
292000 5045.32 29 1
292000 5424.17 31 1
292000 5383.61 35 1
293000 5897.46 35 1
293000 1095.1 36 0
293000 2947.13 36 0
293000 4882.99 31 1
293000 3201.79 36 0
294000 5118.23 33 1
294000 5785.57 25 1
294000 1560.14 38 0
294000 1728.3 36 0
294000 4825.56 29 1
295000 1770.99 38 0
295000 1559.5 36 0
295000 5159.39 37 1
295000 3493.76 35 1
295000 5903.14 31 1
296000 3008.46 31 1
296000 4106.63 36 0
296000 4307.88 35 1
296000 2583.4 31 1
296000 5495.09 37 1
297000 1325.78 36 0
297000 3552.49 36 0
297000 1039.09 36 0
297000 1254.55 38 0
297000 1363.28 36 0
298000 5233.41 35 1
298000 5138.07 35 1
298000 4427.76 35 1
298000 4495.69 29 1
298000 133.585 36 0
299000 2182.09 33 1
299000 5220.45 31 1
299000 3765.13 31 1
299000 5984.6 33 1
299000 1911.83 36 0
300000 5155.82 21 1
300000 4449.74 33 1
300000 4275.6 31 1
300000 5545.17 31 1
300000 3584.98 33 1
