10 15 68
10 15 68
10 15 68
10 15 68
10 15 68
10 15 68
10 15 68
10 15 68
10 15 68
10 15 68
10 15 68
10 15 68
10 15 68
10 15 68
10 15 68
10 15 68
10 15 68
10 15 68
10 15 68
10 15 68
10 15 68
10 15 68
10 15 68
10 15 68
10 15 68
10 15 68
10 15 68
10 15 68
10 15 68
10 15 68
20 40 176
20 40 176
20 40 176
20 40 176
20 40 176
20 40 176
20 40 176
20 40 176
20 40 176
20 40 176
20 40 176
20 40 176
20 40 176
20 40 176
20 40 176
20 40 176
20 40 176
20 40 176
20 40 176
20 40 176
20 40 176
20 40 176
20 40 176
20 40 176
20 40 176
20 40 176
20 40 176
20 40 176
20 40 176
20 40 176
30 71 296
30 71 296
30 71 296
30 71 296
30 71 296
30 71 296
30 71 296
30 71 296
30 71 296
30 71 296
30 71 296
30 71 296
30 71 296
30 71 296
30 71 296
30 71 296
30 71 296
30 71 296
30 71 296
30 71 296
30 71 296
30 71 296
30 71 296
30 71 296
30 71 296
30 71 296
30 71 296
30 71 296
30 71 296
30 71 296
40 100 432
40 100 432
40 100 432
40 100 432
40 100 432
40 100 432
40 100 432
40 100 432
40 100 432
40 100 432
40 100 432
40 100 432
40 100 432
40 100 432
40 100 432
40 100 432
40 100 432
40 100 432
40 100 432
40 100 432
40 100 432
40 100 432
40 100 432
40 100 432
40 100 432
40 100 432
40 100 432
40 100 432
40 100 432
40 100 432
50 133 572
50 133 572
50 133 572
50 133 572
50 133 572
50 133 572
50 133 572
50 133 572
50 133 572
50 133 572
50 133 572
50 133 572
50 133 572
50 133 572
50 133 572
50 133 572
50 133 572
50 133 572
50 133 572
50 133 572
50 133 572
50 133 572
50 133 572
50 133 572
50 133 572
50 133 572
50 133 572
50 133 572
50 133 572
50 133 572
