10 20 52
10 24 68
10 9 0
10 19 48
10 24 68
10 9 0
10 18 46
10 24 68
10 9 0
10 17 50
10 24 68
10 9 0
10 19 54
10 24 68
10 9 0
10 16 52
10 24 68
10 9 0
10 18 46
10 24 68
10 9 0
10 23 52
10 24 68
10 9 0
10 21 54
10 24 68
10 9 0
10 18 40
10 24 68
10 9 0
20 48 138
20 59 176
20 19 0
20 49 136
20 59 176
20 19 0
20 46 136
20 59 176
20 19 0
20 50 136
20 59 176
20 19 0
20 47 138
20 59 176
20 19 0
20 48 140
20 59 176
20 19 0
20 48 120
20 59 176
20 19 0
20 52 150
20 59 176
20 19 0
20 46 138
20 59 176
20 19 0
20 49 124
20 59 176
20 19 0
30 84 228
30 100 296
30 29 0
30 90 240
30 100 296
30 29 0
30 89 236
30 100 296
30 29 0
30 86 238
30 100 296
30 29 0
30 86 234
30 100 296
30 29 0
30 84 222
30 100 296
30 29 0
30 84 234
30 100 296
30 29 0
30 78 216
30 100 296
30 29 0
30 88 238
30 100 296
30 29 0
30 85 246
30 100 296
30 29 0
40 116 354
40 139 432
40 39 0
40 125 368
40 139 432
40 39 0
40 118 330
40 139 432
40 39 0
40 116 334
40 139 432
40 39 0
40 124 370
40 139 432
40 39 0
40 116 344
40 139 432
40 39 0
40 112 352
40 139 432
40 39 0
40 117 346
40 139 432
40 39 0
40 114 360
40 139 432
40 39 0
40 125 350
40 139 432
40 39 0
50 156 458
50 182 572
50 49 0
50 158 484
50 182 572
50 49 0
50 153 478
50 182 572
50 49 0
50 162 482
50 182 572
50 49 0
50 165 468
50 182 572
50 49 0
50 161 472
50 182 572
50 49 0
50 162 488
50 182 572
50 49 0
50 157 458
50 182 572
50 49 0
50 156 462
50 182 572
50 49 0
50 162 492
50 182 572
50 49 0
